9.236007544657549567e-07,5.826669415010813816e-07,3.391768856139542295e-07,4.418420867009890496e-07,3.506450703778510249e-08,5.235865800504705379e-07,1.548009243336705506e-07,3.292285736939018336e-07,7.226834555095081017e-07,4.853729699279796853e-07,4.923465727735942285e-07,1.934174853808354660e-07,4.545172647649894924e-07,1.579775294112213129e-07,2.009495326893281502e-07,7.732481409222053957e-08,3.413339860832749919e-07,2.136250240636741565e-07,3.026712716047780845e-07,4.128810967909883048e-07,5.552010434196370827e-08,3.175451842600851537e-07,3.453333886988488119e-07,6.759105228990567147e-08,1.766177382936172242e-07,4.479826503276444635e-07,-1.254819679812059019e-08,1.265115151908649341e-08,3.857819914813394956e-08,2.903613206313255695e-08,-1.001440992705881608e-08,3.338212103586409920e-08,7.379692125673620276e-08,2.805432602655566309e-08,8.649325971940255762e-08,8.015829408885300171e-09,0.000000000000000000e+00,7.362489102723177127e-07,-4.880011327307739355e-08,2.402615311848581616e-08,1.137781405728007430e-07,2.876475198323342371e-07,8.070623186139005417e-07,6.628653885535927340e-07,1.581887565410909758e-07,2.661913035722491909e-08,7.093035669738000806e-08,nan,nan,nan,nan,nan,nan,nan,nan,nan,nan
5.826669415010813816e-07,1.102887384191310475e-06,3.895354344525332678e-07,5.423135648439266142e-07,3.931077167092211540e-08,6.421548377842985501e-07,1.575674414862966852e-07,3.922795064212364437e-07,9.259590983108908154e-07,5.580097325810902634e-07,5.772608081974022873e-07,2.091779815974620539e-07,5.505701176286462412e-07,2.195834537605231600e-07,2.721967780027621488e-07,5.625717764672415962e-08,4.243664101665858983e-07,2.613501091515554422e-07,3.276103985974657218e-07,5.193112764794618145e-07,8.053000513621869913e-08,3.589776589523290194e-07,2.710353327187795376e-07,8.887376652628773927e-08,9.671996178500219600e-08,5.523561484654105715e-07,-2.944000122419450150e-08,1.657358226351083400e-08,3.224815286813212186e-08,6.992441738702018990e-09,-3.590288274827867566e-08,5.127962767395024489e-08,8.609610076421784540e-08,3.053568203952523819e-08,1.092879581553059646e-07,6.839295335566549392e-09,0.000000000000000000e+00,8.962309227144480795e-07,-6.537771580809569300e-08,2.594288409865863123e-08,5.695987385548574485e-08,2.713598332762596293e-07,9.961659930003564709e-07,7.958753096122779584e-07,1.305896890196492753e-07,3.803290328586080106e-08,9.055857395426904885e-08,nan,nan,nan,nan,nan,nan,nan,nan,nan,nan
3.391768856139542295e-07,3.895354344525332678e-07,6.740365611568078063e-07,3.509614536399766340e-07,8.378154943154512561e-09,3.968261808601417354e-07,1.439079153861326778e-07,2.625573852891636348e-07,5.235388002068685037e-07,3.646863906941446113e-07,3.640983746811888881e-07,1.776969714562844795e-07,3.948847340654037217e-07,1.470536778071012539e-07,2.065001420618966035e-07,6.360106185672412696e-08,3.192345993300205938e-07,1.860012311178744978e-07,2.224060008401720464e-07,3.401961065387941622e-07,5.700183504511998281e-08,2.524071434519300160e-07,1.620300870446348250e-07,8.709320446533701471e-08,7.571942417176302925e-08,3.549450706032343083e-07,2.158216604088983817e-08,2.325699038988719224e-08,2.382251839455102677e-08,7.083642193467878813e-09,8.865170989291894072e-08,5.307068570727648943e-08,1.896331461201201923e-08,4.050176921839115673e-08,4.636590097994300554e-08,4.998716740414123436e-11,0.000000000000000000e+00,5.900930479758643826e-07,-5.827284984336542356e-09,3.587514320911814552e-08,7.324574565895145945e-08,2.187484247698149858e-07,5.953428687210089604e-07,4.761021554411184175e-07,9.496635267177706379e-08,4.718549178469717514e-08,8.231055367307867244e-08,nan,nan,nan,nan,nan,nan,nan,nan,nan,nan
4.418420867009890496e-07,5.423135648439266142e-07,3.509614536399766340e-07,1.398582557791612619e-06,3.576858496170804021e-08,4.686971042301013026e-07,2.048649339775712563e-07,3.849582687967133581e-07,8.485172775963637103e-07,5.339735342734225708e-07,5.559078133666158845e-07,1.858950712417906675e-07,5.255917080170376296e-07,1.825063029218423845e-07,2.191513132348017403e-07,8.384651660839130171e-08,5.533835838482900733e-07,2.264695811558707427e-07,3.161844108839433336e-07,5.108504916918286976e-07,8.371253028053771478e-08,3.573342176187289625e-07,2.299667751608155726e-07,2.112029958699188614e-08,1.477776046867450986e-07,4.999133924097544683e-07,-3.744363110310433027e-08,-1.038773636942141126e-08,5.139595240690429508e-08,-1.505775196798639250e-09,-4.929958004773267217e-08,6.518120757045248629e-08,7.255135173805701188e-08,1.048243578153045067e-08,1.456943261889121689e-07,-1.933384241373699406e-08,0.000000000000000000e+00,8.449827654060690884e-07,-5.967797764819287216e-08,7.202041858006516905e-08,1.165159635369623035e-07,3.053597995822107844e-07,9.404776895677550633e-07,7.425393700509348124e-07,1.725986024034411920e-07,1.578057106033541718e-08,1.016858536665862603e-07,nan,nan,nan,nan,nan,nan,nan,nan,nan,nan
3.506450703778510249e-08,3.931077167092211540e-08,8.378154943154512561e-09,3.576858496170804021e-08,4.143049336138024235e-06,3.686380622352376544e-08,-2.473023945328773339e-08,-1.585757328969093290e-09,4.814273179368393363e-08,8.175306544646778601e-08,3.143254870346658427e-09,5.426495855472213826e-08,2.987022511060395856e-08,-1.815028590516677496e-09,8.814006333004439342e-09,1.927133781573426512e-08,-5.051672396664969866e-08,4.294146679409026808e-09,6.786542176696416460e-08,-9.882652338565755745e-09,2.147152736693446768e-08,5.985112541568773310e-08,5.568396696402394012e-08,3.635338722096624823e-08,3.615330612301884777e-08,6.780150734049640435e-08,-4.087953395915875115e-09,1.297902889208788764e-08,-1.005067753375060299e-10,-7.274995196871142932e-09,-1.898531163764126770e-07,-1.909408456811787520e-09,-1.532271913143240163e-10,-2.116485396815495759e-10,9.719852734852375037e-08,-6.884237256204080365e-10,0.000000000000000000e+00,-2.979347381600038917e-08,-1.096192568937954253e-07,4.929032356088252021e-08,-1.305170296703121747e-08,1.255172522127851377e-08,-1.210521783387131254e-09,8.540934216725029885e-08,6.007079267092942142e-09,-1.722630115089162534e-08,-3.165647704694698115e-09,nan,nan,nan,nan,nan,nan,nan,nan,nan,nan
5.235865800504705379e-07,6.421548377842985501e-07,3.968261808601417354e-07,4.686971042301013026e-07,3.686380622352376544e-08,1.300458240965858760e-06,2.189936737395152573e-07,3.637594830126478961e-07,8.193216136001578711e-07,4.851532563161861551e-07,5.550155171629526681e-07,2.141888495316352212e-07,5.720337879081049166e-07,2.543247864832715914e-07,2.831631083795130067e-07,1.089898277040984730e-07,4.457387991164363822e-07,2.773150778369746230e-07,3.485984419887048134e-07,5.362709016758022291e-07,9.659545005932210159e-08,3.669512428147732665e-07,2.821012147202153081e-07,1.519524674497602639e-07,1.644988775018304135e-07,5.421798251906086204e-07,-7.733193755540484080e-08,7.383508505810546561e-09,2.185320763716831250e-08,7.935731492574149334e-09,-9.064710535103869797e-08,5.653948280331219921e-08,9.685525683209277328e-08,1.101204360067524435e-08,1.398202894675658994e-07,6.104898826635928000e-08,0.000000000000000000e+00,8.792111935768080851e-07,-3.877569359856128562e-08,3.330275475894877163e-08,9.661184482707875192e-08,2.791224645093066889e-07,1.053589974134431340e-06,7.944046661572361601e-07,1.212345724380794011e-07,5.207449214812724739e-08,1.265216092482714555e-07,nan,nan,nan,nan,nan,nan,nan,nan,nan,nan
1.548009243336705506e-07,1.575674414862966852e-07,1.439079153861326778e-07,2.048649339775712563e-07,-2.473023945328773339e-08,2.189936737395152573e-07,1.464684724834325965e-06,2.349206703323624510e-07,3.305071881126483177e-07,1.909163396914530053e-07,3.177836775033923438e-07,1.662518914072835905e-07,2.713069378004218543e-07,1.428914740870373248e-07,1.489622863633661884e-07,4.972515801988227961e-08,2.476555206604228375e-07,1.584912237555984682e-07,2.207138067310189056e-07,2.156816111141069884e-07,9.084136866038949951e-08,1.895872905954419094e-07,1.278703956654250034e-07,1.142286486216355116e-07,2.013281845031769845e-08,3.366316342558781867e-07,8.700384600822540455e-08,1.058031969487724278e-08,1.874664618889368953e-08,-8.403560509139339127e-09,-4.153228793723826999e-08,5.261172800281741773e-08,2.322036779619484370e-08,1.112754744074285231e-08,8.615590765389990697e-08,1.020715408705898878e-08,0.000000000000000000e+00,3.789568398692382549e-07,-1.734982936605563281e-07,6.032680813123043053e-08,6.232466879362516143e-08,2.046006903329968756e-07,4.423554274641561417e-07,4.704520807773736544e-07,8.920230310820957829e-08,-6.191453731520724435e-09,1.666861906626729330e-07,nan,nan,nan,nan,nan,nan,nan,nan,nan,nan
3.292285736939018336e-07,3.922795064212364437e-07,2.625573852891636348e-07,3.849582687967133581e-07,-1.585757328969093290e-09,3.637594830126478961e-07,2.349206703323624510e-07,1.903000160774309218e-06,6.063915044962004985e-07,4.434841789123473532e-07,5.317329265041199540e-07,1.966427943431919586e-07,4.195765495392048465e-07,1.896288795716886565e-07,1.914601934811960098e-07,4.958999778088872514e-08,4.154984318693259092e-07,2.185924834846847805e-07,3.356279723673340989e-07,4.260230795322573438e-07,1.410330403859338360e-07,3.826686648404574792e-07,1.784695082814516293e-07,2.084688850931385966e-07,9.774741162119391634e-08,5.948800270835715354e-07,-2.995953104612474006e-08,-6.266626561006251028e-09,1.853128507573776249e-08,8.220551084835848535e-08,6.132319365536087214e-09,7.773432807184451248e-08,4.049241521372126163e-08,-3.443096916516618944e-09,1.461525811377392178e-07,9.658899653891850975e-09,0.000000000000000000e+00,8.114162826957259251e-07,-5.486630939984658028e-08,7.241564095637846441e-08,8.109441635235100046e-08,3.386780296144349566e-07,8.298217624575304988e-07,6.820876525991816782e-07,1.109808261547646427e-07,1.204255171194252307e-07,1.743613742005482476e-07,nan,nan,nan,nan,nan,nan,nan,nan,nan,nan
7.226834555095081017e-07,9.259590983108908154e-07,5.235388002068685037e-07,8.485172775963637103e-07,4.814273179368393363e-08,8.193216136001578711e-07,3.305071881126483177e-07,6.063915044962004985e-07,3.518184862170451381e-06,9.960889153798917384e-07,1.040016345029485952e-06,3.216857945478537700e-07,9.310130438649009458e-07,3.023416819663664984e-07,3.601211279949507177e-07,1.166822803363246181e-07,7.896909270308605339e-07,4.404775780979735347e-07,6.248959393536443319e-07,9.432026002243002904e-07,2.126907581681200034e-07,7.142598589938700849e-07,3.801901716450540267e-07,1.743582484507563434e-07,1.342508820163959615e-07,1.016925823577248219e-06,-5.670106195877600252e-09,1.338158743599041453e-08,4.677115622383613171e-08,3.105766858258718916e-08,-7.996047656569141922e-08,1.138982648196528157e-07,9.667998867581677677e-08,9.221170978795170634e-08,3.694556231728919500e-07,4.044895418124185556e-08,0.000000000000000000e+00,1.775221345508344910e-06,-2.395122289506835625e-07,5.350039487336138071e-08,1.637032726962369166e-07,6.132232514139684753e-07,1.874215339712005562e-06,1.701341646848554009e-06,2.480316510091460881e-07,-1.440029862850409843e-07,1.594715857942865284e-07,nan,nan,nan,nan,nan,nan,nan,nan,nan,nan
4.853729699279796853e-07,5.580097325810902634e-07,3.646863906941446113e-07,5.339735342734225708e-07,8.175306544646778601e-08,4.851532563161861551e-07,1.909163396914530053e-07,4.434841789123473532e-07,9.960889153798917384e-07,2.234673710869356180e-06,7.803968333215967310e-07,2.438817030206817066e-07,6.317976709387364908e-07,2.157274951044524823e-07,2.862970784821272404e-07,1.341906828120918041e-07,5.908923548237671046e-07,3.493935081441531496e-07,4.538188498054880759e-07,6.459089022540776230e-07,9.986340644276903223e-08,5.423709413739687827e-07,2.898463664431412917e-07,2.452500302912625016e-07,1.250693455093316056e-07,6.875986781922569559e-07,-2.576012340891983266e-08,2.225520757121206966e-08,4.945777451969370245e-08,1.411159191053031138e-09,9.612594297783411887e-09,9.635643369490371409e-08,-2.865836636989410839e-09,8.898831072998601250e-09,1.981033567890360503e-07,-3.688829588558441826e-08,0.000000000000000000e+00,1.328309314919640996e-06,5.836480130362400205e-08,3.543635889581767298e-08,1.016229337473990868e-07,3.925340075235539881e-07,1.392093305703391768e-06,1.125066417860580685e-06,1.693759699281351748e-07,-6.019656373341301573e-08,2.037630128057626566e-07,nan,nan,nan,nan,nan,nan,nan,nan,nan,nan
4.923465727735942285e-07,5.772608081974022873e-07,3.640983746811888881e-07,5.559078133666158845e-07,3.143254870346658427e-09,5.550155171629526681e-07,3.177836775033923438e-07,5.317329265041199540e-07,1.040016345029485952e-06,7.803968333215967310e-07,2.819032017936618139e-06,3.045191729267200505e-07,7.204270998893355310e-07,2.671075155620549586e-07,2.692877596227194272e-07,1.259885435937891152e-07,7.013388624212521495e-07,2.995132366658610164e-07,4.623110576130538446e-07,7.385526182733043654e-07,2.177331086401889338e-07,5.143442068193509007e-07,2.290068098094252427e-07,2.673787434748299371e-07,1.196771139130390814e-07,5.349644653743692045e-07,3.160110032984495865e-09,2.323953051442253178e-08,2.009837302116497652e-09,-3.272602712541158901e-08,5.180314153829469157e-08,5.327654945897887087e-08,5.441754601088545087e-08,5.237309804494143736e-08,2.115362441385053261e-07,1.692152444341818247e-08,0.000000000000000000e+00,1.363154935411359680e-06,-1.008464625290994848e-07,1.159911152713658145e-07,1.301225515692395908e-07,3.648235438775405278e-07,1.494233907526530389e-06,1.224126450226553868e-06,1.786373582657525788e-07,1.003961440194621179e-07,1.913339565281146504e-07,nan,nan,nan,nan,nan,nan,nan,nan,nan,nan
1.934174853808354660e-07,2.091779815974620539e-07,1.776969714562844795e-07,1.858950712417906675e-07,5.426495855472213826e-08,2.141888495316352212e-07,1.662518914072835905e-07,1.966427943431919586e-07,3.216857945478537700e-07,2.438817030206817066e-07,3.045191729267200505e-07,1.010204363474916687e-06,2.746071523222903593e-07,1.391751323592454694e-07,1.325480766275770218e-07,1.030492772063325647e-07,2.565930554462290412e-07,2.448132472879097339e-07,1.834773251909943988e-07,2.110946284642602928e-07,6.789262407826204305e-08,1.992817207678506273e-07,1.224210256712045704e-07,1.011574299811779570e-07,4.256319921072936899e-09,3.382199716228159356e-07,3.514043622815650584e-08,2.349669741780984186e-08,-4.595373862628307681e-08,1.371189246018067950e-08,-2.067110207922583676e-08,3.676701471345767005e-08,5.029858722132379642e-08,3.841282034113612387e-08,1.165806935217515183e-07,3.707573669635736893e-08,0.000000000000000000e+00,3.707636884180938782e-07,-3.463205940745126059e-08,3.043074260569892733e-08,7.055333043154262945e-08,1.950733066613444663e-07,4.544743513971331176e-07,3.927617120498071727e-07,7.317805790420973933e-08,-3.982901014371482488e-08,1.034853978568435482e-07,nan,nan,nan,nan,nan,nan,nan,nan,nan,nan
4.545172647649894924e-07,5.505701176286462412e-07,3.948847340654037217e-07,5.255917080170376296e-07,2.987022511060395856e-08,5.720337879081049166e-07,2.713069378004218543e-07,4.195765495392048465e-07,9.310130438649009458e-07,6.317976709387364908e-07,7.204270998893355310e-07,2.746071523222903593e-07,1.976174136163848374e-06,2.093900023560933706e-07,2.975251215020675310e-07,8.572643859547408491e-08,5.470091089338612552e-07,2.886477292624248903e-07,3.897228074498741171e-07,6.314546551040225856e-07,1.035935080813544273e-07,4.561186870541021507e-07,2.624045636803261719e-07,1.061836445684888612e-07,1.168132034523503854e-07,6.656662875078114277e-07,-4.506341402347430470e-08,4.100135663702126458e-08,2.222202881452648400e-08,8.465287311912805996e-09,3.957803702013930746e-08,6.490098760349416572e-08,9.597048606706214730e-08,6.633878347946435269e-08,2.100148100352540313e-07,1.605015630249586859e-08,0.000000000000000000e+00,1.168159692928127028e-06,2.207019799360492641e-09,4.366118622050992291e-08,1.603763374082120551e-07,3.381911257848071450e-07,1.166205077380508423e-06,9.355048304455823473e-07,1.860453118305634364e-07,6.474120620544041988e-08,1.934737897799224522e-07,nan,nan,nan,nan,nan,nan,nan,nan,nan,nan
1.579775294112213129e-07,2.195834537605231600e-07,1.470536778071012539e-07,1.825063029218423845e-07,-1.815028590516677496e-09,2.543247864832715914e-07,1.428914740870373248e-07,1.896288795716886565e-07,3.023416819663664984e-07,2.157274951044524823e-07,2.671075155620549586e-07,1.391751323592454694e-07,2.093900023560933706e-07,1.068788230602996312e-06,1.305286622848701588e-07,6.723679334499743131e-08,2.069551052345540372e-07,1.577209950690277010e-07,1.827625831546224528e-07,2.176985439788176214e-07,8.314352310977762401e-08,1.753129117174677942e-07,1.019141438826765812e-07,6.199665210265249607e-08,-4.568406526022011502e-09,2.757778849491996251e-07,-6.911676188601882419e-09,3.721952277151352612e-08,-8.819499067578508361e-09,1.151510425220112945e-08,5.168253964875457367e-08,3.521268265911321886e-08,2.386794010499114973e-08,-1.646181920118222709e-08,1.049416136549179207e-07,5.370539194592740290e-09,0.000000000000000000e+00,3.832983568554446890e-07,-3.071202225005586973e-08,3.030010828789465489e-08,7.471370599118675002e-08,1.597009770087154970e-07,4.419650658249326118e-07,4.005418764885543511e-07,8.046510191540286130e-08,9.585201321749512260e-08,7.020794116765714891e-08,nan,nan,nan,nan,nan,nan,nan,nan,nan,nan
2.009495326893281502e-07,2.721967780027621488e-07,2.065001420618966035e-07,2.191513132348017403e-07,8.814006333004439342e-09,2.831631083795130067e-07,1.489622863633661884e-07,1.914601934811960098e-07,3.601211279949507177e-07,2.862970784821272404e-07,2.692877596227194272e-07,1.325480766275770218e-07,2.975251215020675310e-07,1.305286622848701588e-07,5.566941484398616182e-07,2.544451588556603919e-08,2.136798713832813236e-07,1.666384073632848942e-07,1.810149940039274417e-07,2.480599187943688651e-07,5.840277143648046514e-08,2.007173439164602775e-07,1.475630826480371831e-07,6.075951036161801115e-08,3.507578039988067956e-08,3.158446752875512934e-07,3.755218366208277859e-09,1.398811858845544287e-08,2.295293806766798039e-08,4.821481731627577773e-09,4.272615279887650076e-08,2.139086045574752432e-08,1.292176339004636415e-08,2.412700489129769748e-08,8.596773414812943333e-08,-7.361980980591711315e-09,0.000000000000000000e+00,4.033834370419055026e-07,-5.189979047991074348e-08,5.325274596325310238e-08,7.795903608567529319e-08,1.430983372309533602e-07,4.913153833665276359e-07,3.755505376485397629e-07,8.237754036244433651e-08,8.642338849529976335e-09,7.751194188867971487e-08,nan,nan,nan,nan,nan,nan,nan,nan,nan,nan
7.732481409222053957e-08,5.625717764672415962e-08,6.360106185672412696e-08,8.384651660839130171e-08,1.927133781573426512e-08,1.089898277040984730e-07,4.972515801988227961e-08,4.958999778088872514e-08,1.166822803363246181e-07,1.341906828120918041e-07,1.259885435937891152e-07,1.030492772063325647e-07,8.572643859547408491e-08,6.723679334499743131e-08,2.544451588556603919e-08,5.847156638033385952e-06,1.158601887243796253e-07,8.218522353020542767e-08,9.866049364787429874e-08,9.521181038766525306e-08,2.088277077408699783e-08,1.064958519611453632e-07,7.324053097571571750e-08,2.483180931674248570e-07,2.563590788776642969e-08,8.020640724323447517e-08,1.444440578095941782e-08,9.193500262929039586e-09,-6.315912858429967647e-08,-7.408236079333822196e-09,-1.123889314878552394e-08,5.537444100385776691e-09,4.998592926558699095e-08,-1.134189491839360682e-07,1.585765875004243010e-07,1.723930994284442887e-07,0.000000000000000000e+00,1.686243161568469403e-07,5.867938827371612088e-07,-9.449509253464945583e-09,7.423690261916323735e-08,7.336797728666756241e-08,2.221403268337141687e-07,2.169313058562538472e-07,1.247890578115832568e-07,-3.827393475057322030e-08,1.927316256170288245e-07,nan,nan,nan,nan,nan,nan,nan,nan,nan,nan
3.413339860832749919e-07,4.243664101665858983e-07,3.192345993300205938e-07,5.533835838482900733e-07,-5.051672396664969866e-08,4.457387991164363822e-07,2.476555206604228375e-07,4.154984318693259092e-07,7.896909270308605339e-07,5.908923548237671046e-07,7.013388624212521495e-07,2.565930554462290412e-07,5.470091089338612552e-07,2.069551052345540372e-07,2.136798713832813236e-07,1.158601887243796253e-07,3.148190612239360101e-06,2.255908380699509118e-07,3.941563115183930996e-07,6.409510581690505231e-07,9.818200726762454389e-08,4.539763103492240089e-07,2.020552833925649758e-07,2.179304748786232715e-07,1.395894257559708173e-07,5.859036588227281907e-07,2.046546460572542241e-09,2.381536230077898479e-09,2.895189261735803339e-08,9.401270434131210256e-09,-2.073812746228635972e-07,6.797015532189791666e-08,4.717887375928348814e-08,1.117524503000326339e-07,3.300926976192511260e-07,1.707943058208221102e-08,0.000000000000000000e+00,1.049615850027108209e-06,6.413945634430489310e-08,3.281532557697327459e-08,1.725687841364486952e-07,3.049244926068878266e-07,1.117970664930362591e-06,9.677905437474589008e-07,1.213017125210047487e-07,-3.099606839043254156e-08,1.146434989343624506e-07,nan,nan,nan,nan,nan,nan,nan,nan,nan,nan
2.136250240636741565e-07,2.613501091515554422e-07,1.860012311178744978e-07,2.264695811558707427e-07,4.294146679409026808e-09,2.773150778369746230e-07,1.584912237555984682e-07,2.185924834846847805e-07,4.404775780979735347e-07,3.493935081441531496e-07,2.995132366658610164e-07,2.448132472879097339e-07,2.886477292624248903e-07,1.577209950690277010e-07,1.666384073632848942e-07,8.218522353020542767e-08,2.255908380699509118e-07,1.280461131063661083e-06,2.635006682580556134e-07,2.436836589936247608e-07,1.113541254271494335e-07,2.668537272294894993e-07,1.682690324899163589e-07,1.180044087206970171e-07,8.286304308848982587e-08,3.882270233113241310e-07,6.963998049659344422e-09,2.763716222292736209e-08,2.041338240291799461e-09,1.794818681735022217e-08,7.368753619019160219e-08,4.787811642910297113e-08,4.043828205783823682e-10,-1.046439278547732208e-07,2.534550805680125002e-07,3.633518868602981914e-08,0.000000000000000000e+00,5.842507043571019636e-07,-3.374184655154332236e-08,4.927765615855007135e-08,8.867510448463318138e-08,2.026873130774779888e-07,5.721316882420654568e-07,5.256413176616907565e-07,1.034911932080207655e-07,1.576471076370491582e-08,1.453709720782778248e-07,nan,nan,nan,nan,nan,nan,nan,nan,nan,nan
3.026712716047780845e-07,3.276103985974657218e-07,2.224060008401720464e-07,3.161844108839433336e-07,6.786542176696416460e-08,3.485984419887048134e-07,2.207138067310189056e-07,3.356279723673340989e-07,6.248959393536443319e-07,4.538188498054880759e-07,4.623110576130538446e-07,1.834773251909943988e-07,3.897228074498741171e-07,1.827625831546224528e-07,1.810149940039274417e-07,9.866049364787429874e-08,3.941563115183930996e-07,2.635006682580556134e-07,2.135406765212679173e-06,4.525228344541864663e-07,1.498418616774330206e-07,3.668366479493161803e-07,2.406477387543142603e-07,1.641844975551906430e-07,2.385629757556808993e-08,5.046828551272779999e-07,-1.581349707679794979e-08,3.479664558103017770e-08,-1.021004675057673608e-08,1.130310712770365656e-08,2.737379203488319641e-08,3.155811253482671408e-08,8.651421239930830283e-08,5.781013407887044309e-08,2.095059808735602229e-07,2.351965019600179853e-08,0.000000000000000000e+00,7.882002926867476627e-07,-5.849208865649437488e-08,5.317334014064201059e-08,8.991127269357724311e-08,3.491112086078136064e-07,8.618799763896951409e-07,8.440875026121804376e-07,1.601750296913354695e-07,2.990938305203879890e-08,1.734349418411092905e-07,nan,nan,nan,nan,nan,nan,nan,nan,nan,nan
4.128810967909883048e-07,5.193112764794618145e-07,3.401961065387941622e-07,5.108504916918286976e-07,-9.882652338565755745e-09,5.362709016758022291e-07,2.156816111141069884e-07,4.260230795322573438e-07,9.432026002243002904e-07,6.459089022540776230e-07,7.385526182733043654e-07,2.110946284642602928e-07,6.314546551040225856e-07,2.176985439788176214e-07,2.480599187943688651e-07,9.521181038766525306e-08,6.409510581690505231e-07,2.436836589936247608e-07,4.525228344541864663e-07,1.941990775359160492e-06,1.380499503024983611e-07,4.760050808243833181e-07,2.678865587009740864e-07,2.060108903656300325e-07,1.030462154667772197e-07,6.992112516059655282e-07,-1.229718785129462702e-07,-9.771589860450365473e-09,6.619542588164097769e-08,2.752799423089826624e-09,2.352191440772628181e-09,7.089350085057094978e-08,9.573815308830301852e-08,5.317059358630467793e-08,2.087292290796552689e-07,7.913121919277408042e-08,0.000000000000000000e+00,1.111597470925205838e-06,-5.901012823796920627e-08,6.547400562819969515e-08,1.368340247902575206e-07,3.722063980688047831e-07,1.183530595335377718e-06,1.119807778993123161e-06,1.946437647977365528e-07,2.223657162712041832e-08,1.514887279745194028e-07,nan,nan,nan,nan,nan,nan,nan,nan,nan,nan
5.552010434196370827e-08,8.053000513621869913e-08,5.700183504511998281e-08,8.371253028053771478e-08,2.147152736693446768e-08,9.659545005932210159e-08,9.084136866038949951e-08,1.410330403859338360e-07,2.126907581681200034e-07,9.986340644276903223e-08,2.177331086401889338e-07,6.789262407826204305e-08,1.035935080813544273e-07,8.314352310977762401e-08,5.840277143648046514e-08,2.088277077408699783e-08,9.818200726762454389e-08,1.113541254271494335e-07,1.498418616774330206e-07,1.380499503024983611e-07,1.253671416054912329e-06,1.155580577767362832e-07,9.093363241226788999e-08,1.363101660928073893e-07,9.665787719402941192e-09,2.250456882239492334e-07,1.331987431493407706e-07,1.342861892919807144e-09,-1.401311532659344036e-10,-4.751795561181248472e-08,-3.514195988608198254e-10,4.124826941844154477e-08,9.012962602082331930e-09,-1.020534545226598138e-08,1.431517055252376915e-07,3.715082588760723502e-08,0.000000000000000000e+00,2.400325629378415384e-07,-7.847615003562453377e-09,3.784009967901014013e-08,4.620136273367423759e-08,1.434257978895088518e-07,3.194982951495451273e-07,2.954968075529295855e-07,6.896664560097990225e-08,6.424382621963028991e-08,8.903095370746061831e-08,nan,nan,nan,nan,nan,nan,nan,nan,nan,nan
3.175451842600851537e-07,3.589776589523290194e-07,2.524071434519300160e-07,3.573342176187289625e-07,5.985112541568773310e-08,3.669512428147732665e-07,1.895872905954419094e-07,3.826686648404574792e-07,7.142598589938700849e-07,5.423709413739687827e-07,5.143442068193509007e-07,1.992817207678506273e-07,4.561186870541021507e-07,1.753129117174677942e-07,2.007173439164602775e-07,1.064958519611453632e-07,4.539763103492240089e-07,2.668537272294894993e-07,3.668366479493161803e-07,4.760050808243833181e-07,1.155580577767362832e-07,1.988043817413818670e-06,2.300172735146103923e-07,1.330328673614766751e-07,1.072888092119559370e-07,6.431724270332265325e-07,-4.965984570855541469e-09,-2.756887776652757171e-08,-2.113424534412699972e-10,-8.440279687037454084e-09,1.828656332592025870e-08,5.888649548810254161e-08,-2.666402690782098860e-09,1.048697773788261695e-09,2.629776276272848183e-07,5.174073927252050866e-08,0.000000000000000000e+00,8.971683532024827369e-07,9.407366300722511920e-08,4.420965372327555941e-08,1.421475052790650508e-07,3.116037206596468715e-07,8.440557644390578758e-07,8.483091175048601483e-07,1.633502069222151381e-07,-3.351334617558876679e-08,1.630600534205744231e-07,nan,nan,nan,nan,nan,nan,nan,nan,nan,nan
3.453333886988488119e-07,2.710353327187795376e-07,1.620300870446348250e-07,2.299667751608155726e-07,5.568396696402394012e-08,2.821012147202153081e-07,1.278703956654250034e-07,1.784695082814516293e-07,3.801901716450540267e-07,2.898463664431412917e-07,2.290068098094252427e-07,1.224210256712045704e-07,2.624045636803261719e-07,1.019141438826765812e-07,1.475630826480371831e-07,7.324053097571571750e-08,2.020552833925649758e-07,1.682690324899163589e-07,2.406477387543142603e-07,2.678865587009740864e-07,9.093363241226788999e-08,2.300172735146103923e-07,1.227738042414697007e-06,3.967867149623742703e-08,1.591664138041866326e-07,3.722634587708565446e-07,-3.376952910890583452e-08,1.311565095847277150e-08,5.230255353789050698e-08,1.344337502966222405e-08,2.045852892359691828e-07,6.432497713682700029e-08,8.995478154758152192e-08,2.889427705415411460e-08,8.158971149094126425e-08,2.865607964401738484e-08,0.000000000000000000e+00,4.750981644133060966e-07,3.104157246546962195e-08,5.665407179633791791e-08,7.001138342802897916e-08,2.345036899829068822e-07,5.169160072768643856e-07,4.895593566274305410e-07,1.865879111853534647e-07,-8.853785999117660352e-09,9.078768355587689288e-08,nan,nan,nan,nan,nan,nan,nan,nan,nan,nan
6.759105228990567147e-08,8.887376652628773927e-08,8.709320446533701471e-08,2.112029958699188614e-08,3.635338722096624823e-08,1.519524674497602639e-07,1.142286486216355116e-07,2.084688850931385966e-07,1.743582484507563434e-07,2.452500302912625016e-07,2.673787434748299371e-07,1.011574299811779570e-07,1.061836445684888612e-07,6.199665210265249607e-08,6.075951036161801115e-08,2.483180931674248570e-07,2.179304748786232715e-07,1.180044087206970171e-07,1.641844975551906430e-07,2.060108903656300325e-07,1.363101660928073893e-07,1.330328673614766751e-07,3.967867149623742703e-08,5.623511722047064950e-06,-7.560991710278283258e-08,3.583274862575427954e-07,7.983946331872860145e-08,1.124184133221698431e-09,-3.241487168093721073e-10,1.717732038381125331e-07,-2.112706787961767810e-07,5.564346459923675373e-08,2.295622295830419321e-08,-2.737077801322224060e-10,2.461532804267165150e-07,-2.220264917778995591e-09,0.000000000000000000e+00,2.532973537172806337e-07,-1.202997040926200553e-08,8.342912177715320657e-08,4.992206898828428441e-08,1.340335913549841691e-07,2.476797976416417610e-07,4.206852560974228579e-07,-1.462511891433691949e-07,5.732709835272795613e-07,1.726268346628837572e-07,nan,nan,nan,nan,nan,nan,nan,nan,nan,nan
1.766177382936172242e-07,9.671996178500219600e-08,7.571942417176302925e-08,1.477776046867450986e-07,3.615330612301884777e-08,1.644988775018304135e-07,2.013281845031769845e-08,9.774741162119391634e-08,1.342508820163959615e-07,1.250693455093316056e-07,1.196771139130390814e-07,4.256319921072936899e-09,1.168132034523503854e-07,-4.568406526022011502e-09,3.507578039988067956e-08,2.563590788776642969e-08,1.395894257559708173e-07,8.286304308848982587e-08,2.385629757556808993e-08,1.030462154667772197e-07,9.665787719402941192e-09,1.072888092119559370e-07,1.591664138041866326e-07,-7.560991710278283258e-08,1.423244968346892528e-05,2.743126077568538556e-07,2.202043340927055441e-08,2.839527518003100524e-07,-1.579487804332016764e-08,-3.013396742186750705e-09,-9.080176862698257575e-08,4.136765859304475831e-08,-5.919376671535240990e-08,-3.542372408926500866e-08,2.566924942877238559e-07,1.265908030166584896e-07,0.000000000000000000e+00,5.249314404989817344e-08,-2.351715663735272331e-07,7.003416052745361187e-08,2.772993434257842527e-08,1.116849129276904641e-07,1.683419223290590861e-07,3.588786544984725723e-08,-7.248754076899944730e-08,8.983628846020339993e-08,-2.504691783836130773e-08,nan,nan,nan,nan,nan,nan,nan,nan,nan,nan
4.479826503276444635e-07,5.523561484654105715e-07,3.549450706032343083e-07,4.999133924097544683e-07,6.780150734049640435e-08,5.421798251906086204e-07,3.366316342558781867e-07,5.948800270835715354e-07,1.016925823577248219e-06,6.875986781922569559e-07,5.349644653743692045e-07,3.382199716228159356e-07,6.656662875078114277e-07,2.757778849491996251e-07,3.158446752875512934e-07,8.020640724323447517e-08,5.859036588227281907e-07,3.882270233113241310e-07,5.046828551272779999e-07,6.992112516059655282e-07,2.250456882239492334e-07,6.431724270332265325e-07,3.722634587708565446e-07,3.583274862575427954e-07,2.743126077568538556e-07,1.767883212743201243e-05,-1.433920162286474282e-08,1.489063376217919593e-07,1.522058279507800715e-07,1.437241399367620310e-07,-2.966067518883282125e-07,3.810049989642356343e-07,1.485312631573352015e-07,-5.874105707512884260e-08,5.628947460009263801e-07,8.312448692755115788e-08,0.000000000000000000e+00,1.243795107869754810e-06,-2.125149804577602962e-07,2.028737555944049128e-08,2.497329540554180525e-07,5.339303144598192914e-07,1.406366158102124697e-06,1.477310307454706596e-06,7.410076443601005126e-08,2.014492218421083776e-07,1.533840569832221440e-07,nan,nan,nan,nan,nan,nan,nan,nan,nan,nan
-1.254819679812059019e-08,-2.944000122419450150e-08,2.158216604088983817e-08,-3.744363110310433027e-08,-4.087953395915875115e-09,-7.733193755540484080e-08,8.700384600822540455e-08,-2.995953104612474006e-08,-5.670106195877600252e-09,-2.576012340891983266e-08,3.160110032984495865e-09,3.514043622815650584e-08,-4.506341402347430470e-08,-6.911676188601882419e-09,3.755218366208277859e-09,1.444440578095941782e-08,2.046546460572542241e-09,6.963998049659344422e-09,-1.581349707679794979e-08,-1.229718785129462702e-07,1.331987431493407706e-07,-4.965984570855541469e-09,-3.376952910890583452e-08,7.983946331872860145e-08,2.202043340927055441e-08,-1.433920162286474282e-08,5.223438619689547764e-06,4.005196666233317396e-08,1.343341454067464292e-09,-2.855551176843380360e-09,6.857814605400463359e-07,-2.987268880772861212e-08,-5.312618859679170319e-08,-1.099267868340605386e-07,1.474113418057418531e-07,8.196992361692790804e-09,0.000000000000000000e+00,7.167856073768096549e-09,7.302771235057126481e-08,7.781230203213892069e-09,1.086273491026163931e-07,-2.198443541941759174e-08,-2.473645943455801927e-08,-4.149299201144432549e-08,-6.956240577087238795e-08,-8.006140245734603364e-09,-1.065478321438690928e-10,nan,nan,nan,nan,nan,nan,nan,nan,nan,nan
1.265115151908649341e-08,1.657358226351083400e-08,2.325699038988719224e-08,-1.038773636942141126e-08,1.297902889208788764e-08,7.383508505810546561e-09,1.058031969487724278e-08,-6.266626561006251028e-09,1.338158743599041453e-08,2.225520757121206966e-08,2.323953051442253178e-08,2.349669741780984186e-08,4.100135663702126458e-08,3.721952277151352612e-08,1.398811858845544287e-08,9.193500262929039586e-09,2.381536230077898479e-09,2.763716222292736209e-08,3.479664558103017770e-08,-9.771589860450365473e-09,1.342861892919807144e-09,-2.756887776652757171e-08,1.311565095847277150e-08,1.124184133221698431e-09,2.839527518003100524e-07,1.489063376217919593e-07,4.005196666233317396e-08,4.758325468841937505e-06,-5.046477856117306342e-10,6.139424992057090216e-09,-6.683027806437562845e-08,9.327618282382211967e-08,-1.734132167666736032e-08,-1.136157780942569794e-09,3.008412046453566302e-09,-3.456597901288798668e-09,0.000000000000000000e+00,9.523224801502637276e-09,8.566240974054567677e-08,8.932839382260236352e-09,1.063309132495470399e-07,-3.021188594759488835e-08,5.439130381883522154e-08,4.672378828984514604e-08,4.101734445248953975e-08,6.237253701176238925e-08,4.071056779020302264e-08,nan,nan,nan,nan,nan,nan,nan,nan,nan,nan
3.857819914813394956e-08,3.224815286813212186e-08,2.382251839455102677e-08,5.139595240690429508e-08,-1.005067753375060299e-10,2.185320763716831250e-08,1.874664618889368953e-08,1.853128507573776249e-08,4.677115622383613171e-08,4.945777451969370245e-08,2.009837302116497652e-09,-4.595373862628307681e-08,2.222202881452648400e-08,-8.819499067578508361e-09,2.295293806766798039e-08,-6.315912858429967647e-08,2.895189261735803339e-08,2.041338240291799461e-09,-1.021004675057673608e-08,6.619542588164097769e-08,-1.401311532659344036e-10,-2.113424534412699972e-10,5.230255353789050698e-08,-3.241487168093721073e-10,-1.579487804332016764e-08,1.522058279507800715e-07,1.343341454067464292e-09,-5.046477856117306342e-10,1.545264306870783074e-06,-2.551894550434384352e-10,-3.881896340150897014e-10,7.292721154907338293e-09,-2.359897571062582380e-10,-3.485001158280507358e-10,-2.029369540576514756e-07,-1.060261866068495824e-09,0.000000000000000000e+00,4.380930867529776925e-08,-1.828814420504094885e-09,-3.782658945844641568e-10,-8.439784690388017018e-08,4.565525091379048693e-08,1.047364623962008793e-07,4.931007978312714186e-08,6.246099834085747832e-08,-4.473863330173862139e-10,-9.625021686546175493e-11,nan,nan,nan,nan,nan,nan,nan,nan,nan,nan
2.903613206313255695e-08,6.992441738702018990e-09,7.083642193467878813e-09,-1.505775196798639250e-09,-7.274995196871142932e-09,7.935731492574149334e-09,-8.403560509139339127e-09,8.220551084835848535e-08,3.105766858258718916e-08,1.411159191053031138e-09,-3.272602712541158901e-08,1.371189246018067950e-08,8.465287311912805996e-09,1.151510425220112945e-08,4.821481731627577773e-09,-7.408236079333822196e-09,9.401270434131210256e-09,1.794818681735022217e-08,1.130310712770365656e-08,2.752799423089826624e-09,-4.751795561181248472e-08,-8.440279687037454084e-09,1.344337502966222405e-08,1.717732038381125331e-07,-3.013396742186750705e-09,1.437241399367620310e-07,-2.855551176843380360e-09,6.139424992057090216e-09,-2.551894550434384352e-10,1.958755710999287808e-06,-6.399617346666458053e-10,4.226914349839875429e-08,-3.890480350009210655e-10,-5.745303818397313844e-10,-1.837752211501312534e-08,-1.747926692405730446e-09,0.000000000000000000e+00,1.989837611667370098e-08,-3.014947196874184298e-09,-6.236016545823875565e-10,1.562522308351627097e-10,5.554922611386166036e-09,-1.082415817976959974e-08,-1.296703233716001198e-08,2.585295943793421528e-08,-2.920721140386556320e-09,-2.663963575774663694e-08,nan,nan,nan,nan,nan,nan,nan,nan,nan,nan
-1.001440992705881608e-08,-3.590288274827867566e-08,8.865170989291894072e-08,-4.929958004773267217e-08,-1.898531163764126770e-07,-9.064710535103869797e-08,-4.153228793723826999e-08,6.132319365536087214e-09,-7.996047656569141922e-08,9.612594297783411887e-09,5.180314153829469157e-08,-2.067110207922583676e-08,3.957803702013930746e-08,5.168253964875457367e-08,4.272615279887650076e-08,-1.123889314878552394e-08,-2.073812746228635972e-07,7.368753619019160219e-08,2.737379203488319641e-08,2.352191440772628181e-09,-3.514195988608198254e-10,1.828656332592025870e-08,2.045852892359691828e-07,-2.112706787961767810e-07,-9.080176862698257575e-08,-2.966067518883282125e-07,6.857814605400463359e-07,-6.683027806437562845e-08,-3.881896340150897014e-10,-6.399617346666458053e-10,1.935061908777938229e-04,-3.545254061238209788e-09,-5.918129112955273633e-10,-8.739653392768486772e-10,-4.423189591081014568e-09,-2.658914816423173257e-09,0.000000000000000000e+00,-1.542730172419666642e-07,5.668024059780589474e-07,-9.486116815535317681e-10,-2.814592731315881667e-08,3.954831731817599171e-08,-1.066216846187505587e-07,-2.285720177974143121e-07,3.787065348428274048e-06,-1.121951272223003962e-09,-2.413753959259749891e-10,nan,nan,nan,nan,nan,nan,nan,nan,nan,nan
3.338212103586409920e-08,5.127962767395024489e-08,5.307068570727648943e-08,6.518120757045248629e-08,-1.909408456811787520e-09,5.653948280331219921e-08,5.261172800281741773e-08,7.773432807184451248e-08,1.138982648196528157e-07,9.635643369490371409e-08,5.327654945897887087e-08,3.676701471345767005e-08,6.490098760349416572e-08,3.521268265911321886e-08,2.139086045574752432e-08,5.537444100385776691e-09,6.797015532189791666e-08,4.787811642910297113e-08,3.155811253482671408e-08,7.089350085057094978e-08,4.124826941844154477e-08,5.888649548810254161e-08,6.432497713682700029e-08,5.564346459923675373e-08,4.136765859304475831e-08,3.810049989642356343e-07,-2.987268880772861212e-08,9.327618282382211967e-08,7.292721154907338293e-09,4.226914349839875429e-08,-3.545254061238209788e-09,3.366155168553806297e-06,1.156889267082149649e-08,3.159830593968585536e-08,7.383954969643264316e-08,-2.921480528916966107e-08,0.000000000000000000e+00,2.790255228872089571e-08,-8.318185823841542019e-08,2.937299429449335035e-08,2.025188980422764358e-08,6.785211031361470942e-08,1.535590742908868992e-07,1.432046774383272786e-07,-1.185053584138682618e-08,1.338619762740758306e-07,-2.629487254436600645e-08,nan,nan,nan,nan,nan,nan,nan,nan,nan,nan
