1.474147621491650005e-07,1.614424130084470492e-07,1.031539430642588477e-07,1.203177679730889274e-07,-2.175199740074423854e-08,1.404690168059520517e-07,5.191862247008990046e-08,1.182908931710199681e-07,2.017878982659816405e-07,1.638633033200564849e-07,2.068082603309677991e-07,7.311370476265337831e-08,1.412117381603428175e-07,1.099783619017368428e-08,8.219161513239824306e-08,1.463527686256503374e-08,2.020265876930889679e-07,1.057718618313073582e-07,1.004109487743146343e-07,1.796701684596909156e-07,3.542005381586062193e-08,1.265607473036485792e-07,-4.940341151646687757e-09,3.749754615475911029e-08,3.208024482261006091e-08,1.172978457343205124e-07,3.204906733289095896e-09,-3.925237574431507339e-09,-9.886927709661197815e-09,1.090303060029790074e-08,1.571058381537069715e-08,1.778539871334998022e-08,2.546216716416649317e-08,1.708240668042138860e-08,2.592962095238536921e-08,4.303073907224096796e-08,0.000000000000000000e+00,2.834856416647841963e-07,0.000000000000000000e+00,1.580848201868105668e-08,3.149002737706865243e-08,1.101839563025063177e-07,2.518164240667738697e-07,1.263720037544716477e-07,4.848432985559976725e-08,8.070284710234472682e-09,nan,nan,nan,nan,nan,nan,nan,nan,nan,nan,nan
1.614424130084470492e-07,3.136971895213773437e-07,1.579873388289181210e-07,1.657173028709757211e-07,6.463292588210869836e-10,2.248070792515123034e-07,8.719657431988152905e-08,1.666515535405113862e-07,3.071611298923669164e-07,2.674313467703066569e-07,3.275643650543485536e-07,1.097162615855544009e-07,2.298901553134141108e-07,1.611229834287264185e-08,1.373255213984145243e-07,2.630037360611173040e-08,2.999863538656533060e-07,1.513693749837836808e-07,1.713322320278359210e-07,2.764539501358575722e-07,6.356210571367981961e-08,1.908587148659475603e-07,-1.402757558220721465e-08,4.513118686831988643e-08,3.850086592714835595e-08,1.807339097920463705e-07,-7.910244208904281107e-09,-6.674957870737770348e-09,-4.724920122485007366e-08,3.276547773588355586e-08,8.347545071845907910e-08,2.803634378733205065e-08,1.797137336243613606e-08,1.065465773880648214e-08,2.352252377260756859e-08,3.742897290849436087e-08,0.000000000000000000e+00,4.305892345242215645e-07,0.000000000000000000e+00,2.213882219121076939e-08,3.885336510269042759e-08,1.688184664119598932e-07,3.764847231627342201e-07,1.792056236470437095e-07,6.633530945811288649e-08,1.224738049983324132e-08,nan,nan,nan,nan,nan,nan,nan,nan,nan,nan,nan
1.031539430642588477e-07,1.579873388289181210e-07,3.277304204957192283e-07,1.486726166943181816e-07,3.430791011516056431e-08,1.737915934343575736e-07,8.809312399240679291e-08,1.524170601419533651e-07,2.198038101110222492e-07,1.737778124751002398e-07,2.274888437407349638e-07,8.320052825680534165e-08,1.746320482423174522e-07,1.215599217741301839e-08,1.046090918012085903e-07,1.490706547679442575e-08,2.302172822378903348e-07,1.181030074640627838e-07,1.161420056748859418e-07,2.052275563513194025e-07,4.508346314691759284e-08,1.399600617116313956e-07,-1.098713133448234720e-08,4.431121567639792635e-08,2.973072817049152549e-08,1.242785225849437849e-07,-2.254919625836397999e-08,3.159991162989149245e-09,-4.450186591666776775e-08,1.642778273115804259e-08,1.019369156226335023e-07,1.900481379501075490e-08,3.430488180851566609e-08,6.108468867960215862e-11,1.415620820835253700e-08,4.190566344592526621e-08,0.000000000000000000e+00,3.169329605295865023e-07,0.000000000000000000e+00,2.500153271712513618e-08,2.873473206958023232e-08,1.056375021200870268e-07,2.566713612165233747e-07,1.629371663225238801e-07,4.439827705446964866e-08,1.218892106632069995e-08,nan,nan,nan,nan,nan,nan,nan,nan,nan,nan,nan
1.203177679730889274e-07,1.657173028709757211e-07,1.486726166943181816e-07,8.897387487593888432e-07,-2.486508239925444005e-08,1.705978174627033689e-07,1.111897828504442219e-07,1.852592512009564379e-07,2.546186227040026631e-07,2.173208567798503153e-07,2.372693125800233325e-07,1.067128666586032561e-07,1.977449981442957891e-07,1.099922452067095749e-08,1.140390460911191204e-07,2.097520044139863462e-08,2.410214544337999868e-07,1.585858981648279151e-07,1.287464157091552834e-07,2.256125547258590543e-07,4.872287616640976615e-08,1.727457878671800217e-07,-9.219724685175533897e-10,6.290254060892443176e-08,4.059866323049248163e-08,1.543615201000651325e-07,-9.882824870706341913e-09,-6.230593250379872657e-09,-1.445119980029945327e-08,-3.773370307494813726e-09,5.609283067833648590e-08,3.706137690672417717e-08,2.277687333202403972e-08,1.772321036560071833e-08,4.873142509025430651e-08,-3.279048581474411307e-07,0.000000000000000000e+00,3.285702237208797760e-07,0.000000000000000000e+00,2.170504396237349179e-08,7.318529729308060805e-08,1.320551730349569099e-07,2.845826214828565873e-07,1.775366537641783238e-07,6.089912515544559229e-08,-1.211645587038689487e-08,nan,nan,nan,nan,nan,nan,nan,nan,nan,nan,nan
-2.175199740074423854e-08,6.463292588210869836e-10,3.430791011516056431e-08,-2.486508239925444005e-08,6.802407176754036422e-06,-6.202631810107468248e-09,1.151906173222413955e-08,3.785980858413106743e-08,5.255481212366380869e-08,-2.232954524202775260e-08,1.445214204709949028e-08,7.349579928755471268e-09,2.025459470199659221e-08,1.926003676118779915e-08,2.968773856209343623e-09,1.638950613361790677e-08,3.101781648141932276e-08,4.213179351223106480e-08,1.840719516375436500e-08,2.234584905037271376e-08,-7.354607067155007075e-09,-1.407844749321442893e-09,4.433470142893274500e-09,1.772564887352289716e-07,-4.294134949354172888e-08,4.848632297519460235e-08,-4.140198274308070636e-08,2.275548020137226466e-08,-1.075512718404628550e-11,-4.413243817009468631e-08,1.198186266794004309e-07,-5.380708927372442289e-09,2.704435258207720158e-10,-1.236646022558893232e-08,-2.111723167789069887e-08,4.189438060714461772e-06,0.000000000000000000e+00,9.227226297959327739e-08,0.000000000000000000e+00,1.007933045219458701e-08,9.973374447571639707e-08,1.845777792914331924e-08,9.959456625782341235e-09,-7.217282607124057748e-08,-4.095940739400366569e-08,-5.482317745388541138e-09,nan,nan,nan,nan,nan,nan,nan,nan,nan,nan,nan
1.404690168059520517e-07,2.248070792515123034e-07,1.737915934343575736e-07,1.705978174627033689e-07,-6.202631810107468248e-09,4.296041927911274972e-07,1.006199286112439231e-07,2.110088067670066158e-07,2.822947218687834246e-07,2.648011243228666618e-07,3.146830039762552850e-07,1.217505467939305033e-07,2.177801512971672163e-07,1.677579140406847839e-08,1.686653775408516593e-07,2.878137795469953597e-08,3.027100172528182095e-07,1.790989905167542321e-07,1.734516264288289619e-07,2.739137852870186109e-07,6.659048237085534094e-08,2.010512912025557681e-07,-1.775284911807796289e-08,6.776865748378268525e-08,5.206007199536751139e-08,1.962257772287777605e-07,-2.194155378347353247e-08,-6.670619274704021174e-09,-2.273616154822699489e-08,3.655596911500562043e-08,1.441464732530847305e-07,5.061735494700612470e-08,5.983876461012298182e-08,8.181098133391422262e-09,2.307669133886556876e-08,7.332125209846837371e-08,0.000000000000000000e+00,3.893579138479540296e-07,0.000000000000000000e+00,7.277071650804496100e-08,4.529821736516911799e-08,1.686852062345421633e-07,3.435352132455543390e-07,1.795078220531449229e-07,7.479222701661533398e-08,1.808986291085224849e-08,nan,nan,nan,nan,nan,nan,nan,nan,nan,nan,nan
5.191862247008990046e-08,8.719657431988152905e-08,8.809312399240679291e-08,1.111897828504442219e-07,1.151906173222413955e-08,1.006199286112439231e-07,8.001459111259871165e-07,1.406553850487925701e-07,1.431411939543994652e-07,1.375691496378818154e-07,1.437590218656884844e-07,6.384937864084466633e-08,1.318096845459507507e-07,1.323266373311286423e-08,8.048904462333019701e-08,1.395497526309773608e-08,1.456798012810803241e-07,1.527685901348167861e-07,9.707989774037945878e-08,1.651373339152589583e-07,4.742599089447099513e-08,1.097044751917060057e-07,-1.239220930598158283e-08,4.249441413221025211e-08,3.593020633100319527e-08,1.474927764894349241e-07,4.955419764058225842e-09,9.277066514918150048e-09,1.623483739855916692e-09,2.141741134864128015e-08,1.341793351317357761e-07,9.252421586332452840e-09,1.637263326097813610e-08,-5.306415070764147924e-08,2.955624489962220055e-08,-2.120239360712999241e-08,0.000000000000000000e+00,1.969775957912877687e-07,0.000000000000000000e+00,1.082582678170704452e-08,4.380502479340123826e-08,9.302104257858608062e-08,1.715463611794056866e-07,1.680230880203233877e-07,6.352074023404642651e-08,-9.454211653858900414e-09,nan,nan,nan,nan,nan,nan,nan,nan,nan,nan,nan
1.182908931710199681e-07,1.666515535405113862e-07,1.524170601419533651e-07,1.852592512009564379e-07,3.785980858413106743e-08,2.110088067670066158e-07,1.406553850487925701e-07,1.875957858888757932e-06,2.630690215787286253e-07,2.761860130434286793e-07,2.880042882335671929e-07,1.356577633742251615e-07,2.073034096482333234e-07,3.802835358450770950e-08,1.369953826426202591e-07,2.639546806022647718e-08,3.123559357447180876e-07,2.111252213996208674e-07,1.923433859570739463e-07,2.568265055776562258e-07,1.098366793846967482e-07,2.417444294244183173e-07,-9.367640259752148612e-09,1.291583399862607948e-07,4.886377664215639793e-08,1.644711283537834062e-07,4.900629779394988968e-08,3.166263451486414575e-08,-6.974958553509584843e-08,4.938071329928048541e-08,1.550776661325002391e-07,2.448149030267179844e-08,4.345376159745382886e-08,3.233886027567260767e-08,-2.446729233014000862e-09,-2.942271261019521267e-07,0.000000000000000000e+00,4.266383812937878365e-07,0.000000000000000000e+00,1.444046335181278970e-08,1.280266556136538551e-07,1.958746677991989669e-07,3.473403716767933616e-07,2.037883880559856247e-07,1.316275208227340850e-07,1.035838014664011685e-08,nan,nan,nan,nan,nan,nan,nan,nan,nan,nan,nan
2.017878982659816405e-07,3.071611298923669164e-07,2.198038101110222492e-07,2.546186227040026631e-07,5.255481212366380869e-08,2.822947218687834246e-07,1.431411939543994652e-07,2.630690215787286253e-07,1.196517557136698573e-06,4.044172421801856845e-07,5.002809206596686563e-07,1.380211008487105036e-07,3.519895266493627131e-07,2.581729768523891839e-08,1.758791154034453957e-07,3.706568515064407316e-08,4.479688606834523044e-07,2.452626365535000259e-07,2.151866754334101283e-07,4.017540520743784285e-07,8.622088831903519017e-08,2.909972034172049832e-07,-1.666954116302854284e-08,4.410135013207071191e-08,4.598207808788545138e-08,2.765824575534127064e-07,1.884899788314926541e-08,5.789495496510877448e-09,5.406958521286422742e-08,1.692013512991256191e-08,-5.239816467943335346e-08,4.294739935582770722e-08,4.772655575982178144e-08,1.587791253548086206e-08,5.197609495259793410e-08,1.142961152491674735e-07,0.000000000000000000e+00,8.179692457473676353e-07,0.000000000000000000e+00,3.389137647332706958e-08,6.712219592415733832e-08,2.249507468301362469e-07,5.407435599142082745e-07,3.394519301015036096e-07,7.908519969604628403e-08,1.534266581863716484e-09,nan,nan,nan,nan,nan,nan,nan,nan,nan,nan,nan
1.638633033200564849e-07,2.674313467703066569e-07,1.737778124751002398e-07,2.173208567798503153e-07,-2.232954524202775260e-08,2.648011243228666618e-07,1.375691496378818154e-07,2.761860130434286793e-07,4.044172421801856845e-07,2.369570970445064655e-06,4.271972520505615651e-07,1.458125997635262037e-07,2.891553929674721286e-07,1.242374818987283611e-08,1.637975252722213208e-07,2.442125715970921030e-08,4.238843014642692329e-07,2.369542869753886646e-07,2.168856147441346206e-07,4.024335791905226944e-07,9.855880462306028990e-08,3.119182100229330150e-07,-2.656240248499572866e-08,1.122338070587262094e-07,4.608408707086262635e-08,3.125584999880388352e-07,-5.166202792901921670e-09,-1.772977983713417783e-09,-9.446427427542068325e-08,1.131653644700905717e-08,3.280582581244022149e-07,2.899398177568002533e-08,-5.945973166610777315e-09,9.310311140252113639e-08,-2.366119348932707770e-09,-4.895162492266005874e-08,0.000000000000000000e+00,6.245078872549354599e-07,0.000000000000000000e+00,3.965123005880611868e-08,7.400200058266201647e-08,2.459060714745222016e-07,4.777876628072390562e-07,3.636900637464959728e-07,1.336810817848314472e-07,-1.388981452563517362e-08,nan,nan,nan,nan,nan,nan,nan,nan,nan,nan,nan
2.068082603309677991e-07,3.275643650543485536e-07,2.274888437407349638e-07,2.372693125800233325e-07,1.445214204709949028e-08,3.146830039762552850e-07,1.437590218656884844e-07,2.880042882335671929e-07,5.002809206596686563e-07,4.271972520505615651e-07,1.742209446725908066e-06,1.766703593347942574e-07,3.581585608788597237e-07,2.462055172394225010e-08,1.876248772412611535e-07,3.287490921367284462e-08,5.105884400138604505e-07,2.635691168730523632e-07,2.545114909936927043e-07,4.604950735680905405e-07,7.215567021664030485e-08,3.144541413167067306e-07,5.699235818516467959e-09,1.269319559333905339e-07,5.284716062257188444e-08,2.425337836910246192e-07,1.022284801197471105e-08,5.405459719130464492e-09,5.454435332095545321e-08,5.075117522846138424e-08,2.538360328758132285e-07,3.535932382902147942e-08,2.834844521204325980e-08,1.166544953840939084e-07,4.686328324963658576e-08,2.689904232397026754e-07,0.000000000000000000e+00,7.754528639936859370e-07,0.000000000000000000e+00,4.939453666184589999e-08,-3.729275276146900098e-10,2.547214831766782880e-07,6.248452289925942764e-07,3.661289361771000460e-07,8.239364237893755463e-08,2.260446715650551178e-08,nan,nan,nan,nan,nan,nan,nan,nan,nan,nan,nan
7.311370476265337831e-08,1.097162615855544009e-07,8.320052825680534165e-08,1.067128666586032561e-07,7.349579928755471268e-09,1.217505467939305033e-07,6.384937864084466633e-08,1.356577633742251615e-07,1.380211008487105036e-07,1.458125997635262037e-07,1.766703593347942574e-07,9.211711777759557828e-07,1.078322875730359913e-07,2.591694907114386229e-08,9.829402443671998446e-08,2.983737921513762313e-08,1.759170761781041461e-07,1.843961239356548564e-07,1.039828597251985771e-07,1.723714640232724861e-07,5.911493984904508794e-08,1.345840769347011422e-07,-2.558032329046516543e-08,5.476191609571532917e-08,3.970332621530065392e-08,1.451748561464009976e-07,3.088682561253401096e-09,-2.142793295946576892e-10,-9.427690548347613989e-08,1.047078286848637763e-08,-5.964094654021089300e-08,2.386644567812320517e-08,6.096628317038115280e-08,8.885164317392477485e-09,2.838248725209681644e-08,-2.770567711893700513e-07,0.000000000000000000e+00,2.405708940632605001e-07,0.000000000000000000e+00,1.270853607437577521e-08,8.339968470938643806e-08,1.520519838203209246e-07,1.745999679143950170e-07,1.794863672643312470e-07,4.953908820756619071e-08,2.564576785348009419e-08,nan,nan,nan,nan,nan,nan,nan,nan,nan,nan,nan
1.412117381603428175e-07,2.298901553134141108e-07,1.746320482423174522e-07,1.977449981442957891e-07,2.025459470199659221e-08,2.177801512971672163e-07,1.318096845459507507e-07,2.073034096482333234e-07,3.519895266493627131e-07,2.891553929674721286e-07,3.581585608788597237e-07,1.078322875730359913e-07,8.010473103863067654e-07,2.553194831114355386e-08,1.346755940020001796e-07,2.612024244927768636e-08,3.376229848451516341e-07,1.925163784560362088e-07,1.724083536740135251e-07,3.178864256552588630e-07,5.344291635319106410e-08,2.180209262685701264e-07,-2.057890082900411871e-08,3.760938125915718327e-08,3.113533923737575510e-08,1.942715088682979703e-07,-2.071804508235110913e-08,1.960018999839297948e-09,-7.921571692143346414e-08,3.241910785099862814e-08,2.525772894490604547e-08,3.392316129015727091e-08,2.144505053326550741e-08,3.179168266537007786e-08,4.477202500393526563e-08,1.919206688208183580e-08,0.000000000000000000e+00,5.112603390408048583e-07,0.000000000000000000e+00,1.048333829165310468e-08,3.609654060080825939e-08,1.732642185805039774e-07,3.718546628535134458e-07,2.393492997796830621e-07,7.876196196179444185e-08,8.304309744510180699e-09,nan,nan,nan,nan,nan,nan,nan,nan,nan,nan,nan
1.099783619017368428e-08,1.611229834287264185e-08,1.215599217741301839e-08,1.099922452067095749e-08,1.926003676118779915e-08,1.677579140406847839e-08,1.323266373311286423e-08,3.802835358450770950e-08,2.581729768523891839e-08,1.242374818987283611e-08,2.462055172394225010e-08,2.591694907114386229e-08,2.553194831114355386e-08,1.470284803426369664e-06,1.821926442534087407e-08,-2.842804378247266130e-09,3.203708706895229575e-08,5.500568711050818572e-08,5.868495981308356984e-09,3.708939195983090641e-08,-2.737261980048265003e-09,1.458078819499999626e-08,-2.438340180237686683e-08,9.001610740413664223e-09,6.384195922704128241e-09,8.157628739378250784e-09,-1.025168398674196769e-09,-3.236869478146802309e-09,2.243743580722519861e-08,1.926856811869350594e-09,-2.537859333868252186e-08,2.086362554506894608e-09,2.630601078053559075e-08,1.740890555350560078e-08,4.105457826525657026e-08,2.231399599532712160e-07,0.000000000000000000e+00,3.028970051254811886e-08,0.000000000000000000e+00,-4.734864929882374260e-09,-5.774584319218386058e-08,3.222918236428205215e-08,4.721541105086264592e-08,-4.898277689164283476e-08,-1.980759565092466425e-08,3.361648335767542953e-09,nan,nan,nan,nan,nan,nan,nan,nan,nan,nan,nan
8.219161513239824306e-08,1.373255213984145243e-07,1.046090918012085903e-07,1.140390460911191204e-07,2.968773856209343623e-09,1.686653775408516593e-07,8.048904462333019701e-08,1.369953826426202591e-07,1.758791154034453957e-07,1.637975252722213208e-07,1.876248772412611535e-07,9.829402443671998446e-08,1.346755940020001796e-07,1.821926442534087407e-08,2.817540037914546229e-07,3.118212957606574985e-08,1.770528133094470501e-07,1.279698518848102090e-07,1.112921790419821846e-07,1.652447275645688840e-07,5.071238314689217321e-08,1.380116894285709198e-07,-9.875795591125972888e-09,2.878314963659168941e-08,3.415844095058248866e-08,1.502250014457802455e-07,-1.231626704594932384e-08,-1.177110077515746278e-09,-2.181099653452859972e-08,1.804969107136276761e-08,6.572750015429507575e-08,3.092341147932635652e-08,4.434772116704649249e-08,-2.344056678712556786e-08,3.181675036891961440e-08,1.043459022883723424e-07,0.000000000000000000e+00,2.139584343427095324e-07,0.000000000000000000e+00,2.491206700444440489e-08,4.106236947380865371e-08,1.187107051786175552e-07,1.923654919613692628e-07,1.505454853740460849e-07,5.804685981126978186e-08,7.074859457067754933e-09,nan,nan,nan,nan,nan,nan,nan,nan,nan,nan,nan
1.463527686256503374e-08,2.630037360611173040e-08,1.490706547679442575e-08,2.097520044139863462e-08,1.638950613361790677e-08,2.878137795469953597e-08,1.395497526309773608e-08,2.639546806022647718e-08,3.706568515064407316e-08,2.442125715970921030e-08,3.287490921367284462e-08,2.983737921513762313e-08,2.612024244927768636e-08,-2.842804378247266130e-09,3.118212957606574985e-08,3.380003809083636230e-07,2.262653544706405116e-08,3.555309813181594779e-08,1.786190821430339730e-08,3.839434142701254163e-08,5.348625370264137607e-09,2.728184377864135175e-08,-2.621805754008524565e-08,4.338737114761323158e-09,2.082341254658419296e-08,3.787232782857034705e-08,9.129520940165899525e-09,-2.479431085040186050e-10,-2.698371571690125760e-11,9.435076402631810097e-09,-8.232699138708083790e-11,1.171819267471925083e-08,1.217028809550928937e-08,3.052905634148196093e-08,6.597384056961492756e-09,9.937624906880925673e-08,0.000000000000000000e+00,1.751674168334182919e-08,0.000000000000000000e+00,-4.403392514265918324e-09,4.420329831101274150e-08,3.369746605128870215e-08,1.448340666474742377e-08,4.647375010994715576e-08,1.697656872175360627e-08,2.564616105809736718e-09,nan,nan,nan,nan,nan,nan,nan,nan,nan,nan,nan
2.020265876930889679e-07,2.999863538656533060e-07,2.302172822378903348e-07,2.410214544337999868e-07,3.101781648141932276e-08,3.027100172528182095e-07,1.456798012810803241e-07,3.123559357447180876e-07,4.479688606834523044e-07,4.238843014642692329e-07,5.105884400138604505e-07,1.759170761781041461e-07,3.376229848451516341e-07,3.203708706895229575e-08,1.770528133094470501e-07,2.262653544706405116e-08,1.708637983513078000e-06,2.400863299918155467e-07,2.536855116222090806e-07,4.054760765909709781e-07,5.362877342807648916e-08,2.847242369247206765e-07,-3.801484739824631847e-08,1.041077303796028792e-07,5.679190091285682832e-08,2.843177929550783840e-07,-2.579929845134482853e-09,9.884608436915847915e-09,-7.054515001764413526e-08,5.035264936987011663e-08,2.922940719254774919e-07,4.793430940742851896e-08,5.025519901510604143e-08,-1.325938457620306759e-08,2.559884336881108503e-08,5.945190980862428726e-08,0.000000000000000000e+00,6.373770380121728785e-07,0.000000000000000000e+00,3.433838808975651207e-08,7.824762175511032643e-08,2.544170200941563553e-07,5.382096201493708171e-07,3.463453762331304492e-07,1.392660112638461421e-07,4.390633663630794252e-08,nan,nan,nan,nan,nan,nan,nan,nan,nan,nan,nan
1.057718618313073582e-07,1.513693749837836808e-07,1.181030074640627838e-07,1.585858981648279151e-07,4.213179351223106480e-08,1.790989905167542321e-07,1.527685901348167861e-07,2.111252213996208674e-07,2.452626365535000259e-07,2.369542869753886646e-07,2.635691168730523632e-07,1.843961239356548564e-07,1.925163784560362088e-07,5.500568711050818572e-08,1.279698518848102090e-07,3.555309813181594779e-08,2.400863299918155467e-07,1.196807684546222375e-06,1.498752308026297837e-07,2.366981147971726535e-07,8.886838660142034810e-08,1.767140765447379141e-07,-6.319907025086800930e-08,9.951212170521224906e-08,3.412130803249576110e-08,2.005942300187694990e-07,-1.541746083705431290e-08,2.078520983302774149e-08,-2.784983576311994907e-08,8.642397295936958132e-09,2.173621705550716257e-10,2.987056542359736551e-08,2.039351506639491522e-07,-8.127812274568872492e-08,6.145011691979665905e-08,-1.978809155288731113e-07,0.000000000000000000e+00,3.761078716348085285e-07,0.000000000000000000e+00,1.521049167048838094e-08,1.531669613772484653e-07,1.975317595068761069e-07,3.106848672954820964e-07,2.565024619351691417e-07,7.528540030936956980e-08,1.353934409135371119e-08,nan,nan,nan,nan,nan,nan,nan,nan,nan,nan,nan
1.004109487743146343e-07,1.713322320278359210e-07,1.161420056748859418e-07,1.287464157091552834e-07,1.840719516375436500e-08,1.734516264288289619e-07,9.707989774037945878e-08,1.923433859570739463e-07,2.151866754334101283e-07,2.168856147441346206e-07,2.545114909936927043e-07,1.039828597251985771e-07,1.724083536740135251e-07,5.868495981308356984e-09,1.112921790419821846e-07,1.786190821430339730e-08,2.536855116222090806e-07,1.498752308026297837e-07,8.766705692800629478e-07,2.432697505646930169e-07,8.662752834705865583e-08,1.984816697515751470e-07,-2.453679134567041800e-09,8.018068127715270348e-08,4.623061174507249171e-08,1.451369143441068075e-07,-1.848335020802210339e-08,3.725298074811990692e-09,-8.086361685302407865e-10,1.232162649063226176e-08,-2.831526536792059482e-07,2.830659473265967946e-08,3.589778790272387776e-08,1.311008023178939005e-08,5.305994221313880923e-08,9.258920176084357028e-08,0.000000000000000000e+00,3.019460993083739493e-07,0.000000000000000000e+00,2.677681530275164725e-08,3.625189326891450629e-08,1.657803325355643008e-07,2.681630615843287228e-07,2.144958307610354218e-07,7.108912011803845573e-08,-9.449709148390034563e-09,nan,nan,nan,nan,nan,nan,nan,nan,nan,nan,nan
1.796701684596909156e-07,2.764539501358575722e-07,2.052275563513194025e-07,2.256125547258590543e-07,2.234584905037271376e-08,2.739137852870186109e-07,1.651373339152589583e-07,2.568265055776562258e-07,4.017540520743784285e-07,4.024335791905226944e-07,4.604950735680905405e-07,1.723714640232724861e-07,3.178864256552588630e-07,3.708939195983090641e-08,1.652447275645688840e-07,3.839434142701254163e-08,4.054760765909709781e-07,2.366981147971726535e-07,2.432697505646930169e-07,1.361192934336871968e-06,9.064021726385268480e-08,2.996488043364407082e-07,-3.266550833465629008e-08,9.443122126573893316e-08,5.037562856166794548e-08,2.773961621540641592e-07,1.057035174143568972e-08,-2.857176786097273178e-09,-1.075018102460374296e-08,-3.825800933667297356e-09,1.250088548138053843e-07,3.561845481964532888e-08,7.392307878905111637e-09,7.565902158507620227e-08,2.746851342341921995e-08,-2.457975796313050342e-07,0.000000000000000000e+00,6.417807946691646461e-07,0.000000000000000000e+00,3.741377665945226812e-08,1.083220838499901035e-07,2.653357351456088871e-07,5.101948421028686900e-07,3.200771029914833131e-07,1.045786569013355768e-07,4.116531327432733859e-08,nan,nan,nan,nan,nan,nan,nan,nan,nan,nan,nan
3.542005381586062193e-08,6.356210571367981961e-08,4.508346314691759284e-08,4.872287616640976615e-08,-7.354607067155007075e-09,6.659048237085534094e-08,4.742599089447099513e-08,1.098366793846967482e-07,8.622088831903519017e-08,9.855880462306028990e-08,7.215567021664030485e-08,5.911493984904508794e-08,5.344291635319106410e-08,-2.737261980048265003e-09,5.071238314689217321e-08,5.348625370264137607e-09,5.362877342807648916e-08,8.886838660142034810e-08,8.662752834705865583e-08,9.064021726385268480e-08,4.779104856948515487e-07,7.798967559109006841e-08,4.104979661126435863e-08,5.344456310808484130e-08,2.968651692710096764e-08,7.464075995074702207e-08,6.133144678523707126e-09,-1.860915909496659253e-10,-1.242067194975867908e-11,1.600882361469540420e-08,-3.238342272221678113e-08,1.674328061724637155e-08,2.791963541011982434e-08,3.334747410584757270e-08,3.627803984046135945e-08,1.137286270041211584e-08,0.000000000000000000e+00,1.247598061210826959e-07,0.000000000000000000e+00,9.787360512492102450e-09,2.674937849034711664e-08,8.961768414119113520e-08,8.287451497011737265e-08,7.909772632621663095e-08,3.438756912101095987e-08,1.140414509227623810e-08,nan,nan,nan,nan,nan,nan,nan,nan,nan,nan,nan
1.265607473036485792e-07,1.908587148659475603e-07,1.399600617116313956e-07,1.727457878671800217e-07,-1.407844749321442893e-09,2.010512912025557681e-07,1.097044751917060057e-07,2.417444294244183173e-07,2.909972034172049832e-07,3.119182100229330150e-07,3.144541413167067306e-07,1.345840769347011422e-07,2.180209262685701264e-07,1.458078819499999626e-08,1.380116894285709198e-07,2.728184377864135175e-08,2.847242369247206765e-07,1.767140765447379141e-07,1.984816697515751470e-07,2.996488043364407082e-07,7.798967559109006841e-08,1.069620071880316430e-06,-2.007010421746788784e-08,9.317100133425763516e-08,4.415413780277519139e-08,2.377836543962505318e-07,-3.920136533208008289e-08,5.740317740664772951e-09,-1.308491933704662554e-08,2.650086408964052390e-08,1.118426336035231872e-07,5.255348149814951801e-08,4.655061020064378728e-08,3.322606639243770029e-08,5.572630624443844588e-08,2.927129747580140928e-07,0.000000000000000000e+00,4.622667985824175264e-07,0.000000000000000000e+00,3.559552951740123028e-08,7.049433289621528908e-08,2.199115257150860606e-07,3.209182490881916332e-07,2.825571798030941134e-07,9.764086996651518506e-08,-1.480693447064882819e-08,nan,nan,nan,nan,nan,nan,nan,nan,nan,nan,nan
-4.940341151646687757e-09,-1.402757558220721465e-08,-1.098713133448234720e-08,-9.219724685175533897e-10,4.433470142893274500e-09,-1.775284911807796289e-08,-1.239220930598158283e-08,-9.367640259752148612e-09,-1.666954116302854284e-08,-2.656240248499572866e-08,5.699235818516467959e-09,-2.558032329046516543e-08,-2.057890082900411871e-08,-2.438340180237686683e-08,-9.875795591125972888e-09,-2.621805754008524565e-08,-3.801484739824631847e-08,-6.319907025086800930e-08,-2.453679134567041800e-09,-3.266550833465629008e-08,4.104979661126435863e-08,-2.007010421746788784e-08,3.246629592075270899e-06,1.557947670875447742e-08,-1.802774124081342354e-08,-1.011039092731892822e-08,-1.655727963741214272e-07,8.607902530930374415e-12,3.155852326434153727e-12,1.021173994546511218e-11,9.628467406891211574e-12,-5.933165751537592259e-09,3.737186918458516851e-11,2.586668017332770665e-08,2.139678276139078837e-11,2.944435313621146590e-11,0.000000000000000000e+00,-7.986982324912856911e-09,0.000000000000000000e+00,1.311206098338505750e-11,-7.805717706627854366e-08,-1.796810441715249264e-08,-3.222754389551880626e-08,-1.037240729910735397e-07,4.585758343553886935e-09,-3.955711360804861089e-08,nan,nan,nan,nan,nan,nan,nan,nan,nan,nan,nan
3.749754615475911029e-08,4.513118686831988643e-08,4.431121567639792635e-08,6.290254060892443176e-08,1.772564887352289716e-07,6.776865748378268525e-08,4.249441413221025211e-08,1.291583399862607948e-07,4.410135013207071191e-08,1.122338070587262094e-07,1.269319559333905339e-07,5.476191609571532917e-08,3.760938125915718327e-08,9.001610740413664223e-09,2.878314963659168941e-08,4.338737114761323158e-09,1.041077303796028792e-07,9.951212170521224906e-08,8.018068127715270348e-08,9.443122126573893316e-08,5.344456310808484130e-08,9.317100133425763516e-08,1.557947670875447742e-08,4.272140041345445468e-06,5.046196778705611083e-08,1.913924013574465699e-08,-1.057009155911731367e-08,4.928531712318368991e-09,-1.448366725071705469e-10,1.410522799928794420e-08,-8.063927537399654852e-09,4.122875528390550170e-08,3.157454766294158519e-09,-1.272673725704821760e-08,2.275301575068725429e-08,1.381916909977508724e-06,0.000000000000000000e+00,6.775766092355693562e-08,0.000000000000000000e+00,3.697757379517392567e-08,9.138483034958211703e-08,7.864669845163588208e-08,6.854248565590718069e-08,1.328840500200904668e-07,3.198956458465639596e-08,8.279566228862819119e-09,nan,nan,nan,nan,nan,nan,nan,nan,nan,nan,nan
3.208024482261006091e-08,3.850086592714835595e-08,2.973072817049152549e-08,4.059866323049248163e-08,-4.294134949354172888e-08,5.206007199536751139e-08,3.593020633100319527e-08,4.886377664215639793e-08,4.598207808788545138e-08,4.608408707086262635e-08,5.284716062257188444e-08,3.970332621530065392e-08,3.113533923737575510e-08,6.384195922704128241e-09,3.415844095058248866e-08,2.082341254658419296e-08,5.679190091285682832e-08,3.412130803249576110e-08,4.623061174507249171e-08,5.037562856166794548e-08,2.968651692710096764e-08,4.415413780277519139e-08,-1.802774124081342354e-08,5.046196778705611083e-08,1.013223332587864615e-06,5.019394014362691678e-08,7.071876051965946687e-09,1.166678739803391699e-08,-2.405796257279889792e-11,3.700995632787721513e-10,-2.784563747464453451e-07,2.136172580299786624e-08,2.687588100351463785e-08,-4.052594836376458414e-08,2.354789352112011567e-08,9.761814471177716511e-08,0.000000000000000000e+00,5.148350946809371193e-08,0.000000000000000000e+00,1.559874312514677576e-08,1.202627829934325895e-08,4.557371097467493135e-08,5.523412819373921021e-08,6.255414864814680514e-08,3.227649354860331377e-08,-3.673896224108255807e-09,nan,nan,nan,nan,nan,nan,nan,nan,nan,nan,nan
1.172978457343205124e-07,1.807339097920463705e-07,1.242785225849437849e-07,1.543615201000651325e-07,4.848632297519460235e-08,1.962257772287777605e-07,1.474927764894349241e-07,1.644711283537834062e-07,2.765824575534127064e-07,3.125584999880388352e-07,2.425337836910246192e-07,1.451748561464009976e-07,1.942715088682979703e-07,8.157628739378250784e-09,1.502250014457802455e-07,3.787232782857034705e-08,2.843177929550783840e-07,2.005942300187694990e-07,1.451369143441068075e-07,2.773961621540641592e-07,7.464075995074702207e-08,2.377836543962505318e-07,-1.011039092731892822e-08,1.913924013574465699e-08,5.019394014362691678e-08,3.836622444642902591e-06,-1.421971270809040742e-08,-1.917737865863116915e-08,-9.494360879253887131e-08,1.363218754638662227e-08,-1.257560131813788861e-08,2.974336249049739392e-08,1.714469656444010921e-08,1.977069040616593207e-07,4.247597201843984802e-08,6.946502168073344511e-07,0.000000000000000000e+00,4.104675892863424372e-07,0.000000000000000000e+00,-9.249841260584962079e-09,7.804988087162622021e-08,2.160484286784005401e-07,2.631984952408616745e-07,1.866965367026825769e-07,7.011394203849236979e-08,1.082489318124396087e-08,nan,nan,nan,nan,nan,nan,nan,nan,nan,nan,nan
3.204906733289095896e-09,-7.910244208904281107e-09,-2.254919625836397999e-08,-9.882824870706341913e-09,-4.140198274308070636e-08,-2.194155378347353247e-08,4.955419764058225842e-09,4.900629779394988968e-08,1.884899788314926541e-08,-5.166202792901921670e-09,1.022284801197471105e-08,3.088682561253401096e-09,-2.071804508235110913e-08,-1.025168398674196769e-09,-1.231626704594932384e-08,9.129520940165899525e-09,-2.579929845134482853e-09,-1.541746083705431290e-08,-1.848335020802210339e-08,1.057035174143568972e-08,6.133144678523707126e-09,-3.920136533208008289e-08,-1.655727963741214272e-07,-1.057009155911731367e-08,7.071876051965946687e-09,-1.421971270809040742e-08,4.034335586175191595e-06,1.110457985477475484e-10,-9.994217838453301441e-10,1.263097544235831768e-09,-8.833644873108882905e-08,-1.117436507461721414e-09,3.771698990395009971e-08,9.498825715652030251e-08,9.556481520895046456e-09,-2.220456490116429964e-07,0.000000000000000000e+00,3.169690222974877927e-09,0.000000000000000000e+00,-3.317817905541719197e-08,-4.724262562499618846e-10,3.265130108326659269e-09,-1.477713351619617500e-08,-3.814024248303892849e-08,2.353494324344037130e-09,-6.499639719557235962e-09,nan,nan,nan,nan,nan,nan,nan,nan,nan,nan,nan
-3.925237574431507339e-09,-6.674957870737770348e-09,3.159991162989149245e-09,-6.230593250379872657e-09,2.275548020137226466e-08,-6.670619274704021174e-09,9.277066514918150048e-09,3.166263451486414575e-08,5.789495496510877448e-09,-1.772977983713417783e-09,5.405459719130464492e-09,-2.142793295946576892e-10,1.960018999839297948e-09,-3.236869478146802309e-09,-1.177110077515746278e-09,-2.479431085040186050e-10,9.884608436915847915e-09,2.078520983302774149e-08,3.725298074811990692e-09,-2.857176786097273178e-09,-1.860915909496659253e-10,5.740317740664772951e-09,8.607902530930374415e-12,4.928531712318368991e-09,1.166678739803391699e-08,-1.917737865863116915e-08,1.110457985477475484e-10,3.658533861385328319e-07,-2.886561604733344808e-11,4.541877445374642639e-09,-8.806864661137556875e-11,3.245749332042976569e-10,-3.418290576606854555e-10,-1.752692313004859281e-10,-1.380260513517909588e-08,-2.693184929085707797e-10,0.000000000000000000e+00,4.645768920199243534e-10,0.000000000000000000e+00,-2.587299103241280007e-09,2.670591024942321661e-08,6.997148981300715438e-09,1.651897626121143770e-08,-1.363125311461543543e-08,-5.855129780398454221e-09,-6.517454662448933287e-09,nan,nan,nan,nan,nan,nan,nan,nan,nan,nan,nan
-9.886927709661197815e-09,-4.724920122485007366e-08,-4.450186591666776775e-08,-1.445119980029945327e-08,-1.075512718404628550e-11,-2.273616154822699489e-08,1.623483739855916692e-09,-6.974958553509584843e-08,5.406958521286422742e-08,-9.446427427542068325e-08,5.454435332095545321e-08,-9.427690548347613989e-08,-7.921571692143346414e-08,2.243743580722519861e-08,-2.181099653452859972e-08,-2.698371571690125760e-11,-7.054515001764413526e-08,-2.784983576311994907e-08,-8.086361685302407865e-10,-1.075018102460374296e-08,-1.242067194975867908e-11,-1.308491933704662554e-08,3.155852326434153727e-12,-1.448366725071705469e-10,-2.405796257279889792e-11,-9.494360879253887131e-08,-9.994217838453301441e-10,-2.886561604733344808e-11,6.107069668280973220e-05,-3.424390127362410809e-11,-3.228796356543786050e-11,-1.059023001050663363e-10,-1.253222864669338411e-10,-6.425767593954033082e-11,-7.175166233854685338e-11,-9.873826862503988350e-11,0.000000000000000000e+00,-1.668324137060185421e-07,0.000000000000000000e+00,-4.396979596110971215e-11,-9.906891976478116298e-07,-6.138482621517371938e-08,-1.910903445182428710e-07,-3.819351882901711527e-07,5.452119262212361135e-09,6.041756045624280664e-08,nan,nan,nan,nan,nan,nan,nan,nan,nan,nan,nan
1.090303060029790074e-08,3.276547773588355586e-08,1.642778273115804259e-08,-3.773370307494813726e-09,-4.413243817009468631e-08,3.655596911500562043e-08,2.141741134864128015e-08,4.938071329928048541e-08,1.692013512991256191e-08,1.131653644700905717e-08,5.075117522846138424e-08,1.047078286848637763e-08,3.241910785099862814e-08,1.926856811869350594e-09,1.804969107136276761e-08,9.435076402631810097e-09,5.035264936987011663e-08,8.642397295936958132e-09,1.232162649063226176e-08,-3.825800933667297356e-09,1.600882361469540420e-08,2.650086408964052390e-08,1.021173994546511218e-11,1.410522799928794420e-08,3.700995632787721513e-10,1.363218754638662227e-08,1.263097544235831768e-09,4.541877445374642639e-09,-3.424390127362410809e-11,3.679193027766218038e-06,-1.044777300056980778e-10,5.334148967889555366e-09,-2.973164456935525542e-11,-2.079256594799276398e-10,8.348418800809653849e-08,2.324704166654541404e-07,0.000000000000000000e+00,7.350060043964361937e-08,0.000000000000000000e+00,8.863860811046123042e-09,-1.914017041279061710e-08,2.589979595646455937e-08,-5.813347443617135171e-08,4.589476847551523782e-08,1.793281737812318098e-08,6.555127701562928131e-08,nan,nan,nan,nan,nan,nan,nan,nan,nan,nan,nan
1.571058381537069715e-08,8.347545071845907910e-08,1.019369156226335023e-07,5.609283067833648590e-08,1.198186266794004309e-07,1.441464732530847305e-07,1.341793351317357761e-07,1.550776661325002391e-07,-5.239816467943335346e-08,3.280582581244022149e-07,2.538360328758132285e-07,-5.964094654021089300e-08,2.525772894490604547e-08,-2.537859333868252186e-08,6.572750015429507575e-08,-8.232699138708083790e-11,2.922940719254774919e-07,2.173621705550716257e-10,-2.831526536792059482e-07,1.250088548138053843e-07,-3.238342272221678113e-08,1.118426336035231872e-07,9.628467406891211574e-12,-8.063927537399654852e-09,-2.784563747464453451e-07,-1.257560131813788861e-08,-8.833644873108882905e-08,-8.806864661137556875e-11,-3.228796356543786050e-11,-1.044777300056980778e-10,4.155340847075680638e-04,2.134470765770583641e-08,-3.823567853597708956e-10,-1.960493947214990966e-10,-2.189134568912067198e-10,-5.652942017561137813e-09,0.000000000000000000e+00,2.536617324398200306e-08,0.000000000000000000e+00,-3.134518537571688555e-08,-4.464320416441193249e-11,-9.847310267957102351e-08,2.182420660828256386e-07,-7.878993249503003361e-07,1.345482709177703312e-07,-1.637892970470121588e-07,nan,nan,nan,nan,nan,nan,nan,nan,nan,nan,nan
1.778539871334998022e-08,2.803634378733205065e-08,1.900481379501075490e-08,3.706137690672417717e-08,-5.380708927372442289e-09,5.061735494700612470e-08,9.252421586332452840e-09,2.448149030267179844e-08,4.294739935582770722e-08,2.899398177568002533e-08,3.535932382902147942e-08,2.386644567812320517e-08,3.392316129015727091e-08,2.086362554506894608e-09,3.092341147932635652e-08,1.171819267471925083e-08,4.793430940742851896e-08,2.987056542359736551e-08,2.830659473265967946e-08,3.561845481964532888e-08,1.674328061724637155e-08,5.255348149814951801e-08,-5.933165751537592259e-09,4.122875528390550170e-08,2.136172580299786624e-08,2.974336249049739392e-08,-1.117436507461721414e-09,3.245749332042976569e-10,-1.059023001050663363e-10,5.334148967889555366e-09,2.134470765770583641e-08,6.750917509272014797e-07,4.696624497720176461e-08,2.564620520417377161e-09,-9.627817953020304133e-10,8.325584496792673490e-08,0.000000000000000000e+00,5.018866856009423028e-08,0.000000000000000000e+00,2.901628334691972172e-09,3.917558378552608220e-08,2.659632216705286237e-08,6.605482460492081001e-08,2.352316913427647620e-08,2.974871653842671624e-08,-2.033573278425831217e-09,nan,nan,nan,nan,nan,nan,nan,nan,nan,nan,nan
2.546216716416649317e-08,1.797137336243613606e-08,3.430488180851566609e-08,2.277687333202403972e-08,2.704435258207720158e-10,5.983876461012298182e-08,1.637263326097813610e-08,4.345376159745382886e-08,4.772655575982178144e-08,-5.945973166610777315e-09,2.834844521204325980e-08,6.096628317038115280e-08,2.144505053326550741e-08,2.630601078053559075e-08,4.434772116704649249e-08,1.217028809550928937e-08,5.025519901510604143e-08,2.039351506639491522e-07,3.589778790272387776e-08,7.392307878905111637e-09,2.791963541011982434e-08,4.655061020064378728e-08,3.737186918458516851e-11,3.157454766294158519e-09,2.687588100351463785e-08,1.714469656444010921e-08,3.771698990395009971e-08,-3.418290576606854555e-10,-1.253222864669338411e-10,-2.973164456935525542e-11,-3.823567853597708956e-10,4.696624497720176461e-08,1.958214743014034869e-06,-7.609448132942952659e-10,3.877578929186524440e-08,-1.169266897458739734e-09,0.000000000000000000e+00,3.574301374278463728e-08,0.000000000000000000e+00,-5.206940289853327499e-10,2.003029999088743777e-09,7.977730014823078226e-08,3.234588559619431458e-08,5.021789546404109379e-08,1.224617426051711947e-08,-1.735433291452222321e-09,nan,nan,nan,nan,nan,nan,nan,nan,nan,nan,nan
