6.369208046205637267e-07,5.341181779946261873e-07,6.828745683948377643e-07,6.254098390507021066e-07,5.672683140667437563e-07,9.043741569326352937e-07,6.047734262058077992e-07,6.148137054531808156e-07,8.908223173623002044e-07,4.856510258569301801e-07,8.660503392066042679e-07,5.872186343905511239e-07,6.141556281514257320e-07,6.679844113156180185e-07,7.069249610687365943e-07,8.880333163730714826e-07,6.103172384791488181e-07,5.341048598826328373e-07,7.643589336966619847e-07,8.445055523975596201e-07,6.417909366804839150e-07,4.907511842466804298e-07,2.592921316308308997e-07,7.602958039631179334e-07,1.300649575665853113e-07,6.197130760424476496e-07,1.587674088853112984e-07,2.580868966215889544e-07,9.439653743649005787e-07,4.748138888011540660e-07,1.886839005282705257e-07,5.166877609877266323e-07,3.341718048268372597e-07,7.882672194109543668e-07,6.543107214169891935e-07,0.000000000000000000e+00,1.345467452404105773e-07,5.861348461241110504e-07,5.782436974536915316e-07,6.884218509038808294e-07,6.948676264215121741e-07,7.788123914282829546e-07,6.953784320239014171e-07,5.138495282947887942e-07,2.831413643695485148e-07,1.203469249495378317e-07,7.889293080180763072e-07,6.854218948590858497e-07,2.484699302610573659e-07,6.989231829167963968e-07,7.291066208693802339e-07,9.020081145716936673e-07,4.028147649557460940e-07,0.000000000000000000e+00,1.919236013146142156e-07,7.549854273996307211e-07,6.131172094039301741e-07
5.341181779946261873e-07,7.118963514573134194e-07,7.130088488134984961e-07,6.486459467414452475e-07,6.278646682432266798e-07,9.919868866926434686e-07,6.726291927147963232e-07,6.882687366606114005e-07,9.481654787118472373e-07,5.434531039436115304e-07,9.574144998531795573e-07,6.617205192576637718e-07,6.822841482334600723e-07,7.853208969164887108e-07,8.351238391675946065e-07,9.065101363453535961e-07,7.147931089446890780e-07,6.185229735706667368e-07,8.011775032216639426e-07,9.204354411709427181e-07,7.042928673979188595e-07,5.387468348997590343e-07,2.282127734948491189e-07,7.881155386825707599e-07,1.261688719490687909e-07,7.036254928444176938e-07,1.426014066281481040e-07,2.645888500790228531e-07,9.821811134733117258e-07,5.128703829782291611e-07,1.672624676482164532e-07,5.311450834992898631e-07,3.840466984394256458e-07,8.172674013000907574e-07,7.073369992157767192e-07,0.000000000000000000e+00,3.404290657453141583e-08,6.263219143556078511e-07,1.075830285171233845e-06,7.291635828951825048e-07,6.940148441481583454e-07,8.209322528361705400e-07,7.301115882159279759e-07,5.504003215711197517e-07,2.719531766463512841e-07,1.215778110108085981e-07,7.792364606262248034e-07,7.370975240612103273e-07,2.529624865892425213e-07,7.920827457393859529e-07,7.249872199781649293e-07,9.013492175854355827e-07,3.917260557484774983e-07,0.000000000000000000e+00,2.034864672549726664e-07,7.762568756405672209e-07,6.387842591238007450e-07
6.828745683948377643e-07,7.130088488134984961e-07,1.812198799074024299e-06,1.071757197670458877e-06,1.042796809390920488e-06,1.436564916134465143e-06,1.070450124533924551e-06,9.955808928386252767e-07,1.404554660525480954e-06,7.562590068257606853e-07,1.426245862805315225e-06,1.097696278726072977e-06,1.129660781760353623e-06,1.198465850399819924e-06,1.345380664914101460e-06,1.417674785211384598e-06,9.699473151992901511e-07,9.326696539845821097e-07,1.203602443788195788e-06,1.521386896168873445e-06,1.059000028152453691e-06,8.213150615316090768e-07,3.411631686574837783e-07,1.240576323241194125e-06,2.025624523462668929e-07,8.937401249942878063e-07,2.049549412559262361e-07,3.316736753327681114e-07,1.484088804719330395e-06,7.833726298245174488e-07,2.837880246440419854e-07,6.864662257560447704e-07,4.884002982903955861e-07,1.231638544943303584e-06,1.080865322770359618e-06,0.000000000000000000e+00,3.658047876933474156e-08,9.092101772288549420e-07,1.669514705825964849e-06,1.056551344113535952e-06,9.660082390425224009e-07,1.214367040266539084e-06,1.030358743262802417e-06,8.210936135236449590e-07,3.540158200309209582e-07,2.264539320596888390e-07,1.066287843127722098e-06,9.731771797312117471e-07,3.266328733084470476e-07,1.209092952562248027e-06,1.118773451398615747e-06,1.383591961695201163e-06,4.884472838540825382e-07,0.000000000000000000e+00,2.590077380959460042e-07,1.216554490251849160e-06,1.054714095468480401e-06
6.254098390507021066e-07,6.486459467414452475e-07,1.071757197670458877e-06,1.751573348236217559e-06,8.923064913277288568e-07,1.345631531193690820e-06,9.565796959341970965e-07,9.665674505401432423e-07,1.342691626797866480e-06,7.252274691042086307e-07,1.349992002184331512e-06,9.653019283071497114e-07,1.032222212410802659e-06,1.114353840992715973e-06,1.134907548588185597e-06,1.304386083314975952e-06,8.478689032505734413e-07,8.334711757941451485e-07,1.162625412167172708e-06,1.370373771116013738e-06,9.872131370508522131e-07,7.529012419706982493e-07,3.352468486319242604e-07,1.160104691655082459e-06,1.957460503598976362e-07,9.300429956813772253e-07,1.907328430008563545e-07,3.339556376217854026e-07,1.471744159065813634e-06,7.450292587160819746e-07,2.800191260891805468e-07,6.774895265892784803e-07,4.688666267607520327e-07,1.109799843010063504e-06,1.076870449797214355e-06,0.000000000000000000e+00,-1.357607220408774473e-08,8.494075417421367122e-07,9.873277170641023063e-07,1.063144126977629984e-06,8.933731454712623297e-07,1.168330944547164136e-06,9.839802379125299949e-07,7.611558406201596377e-07,3.353058457748726407e-07,1.409285776270702749e-07,1.118846142108932961e-06,9.415586930682948823e-07,3.344406661221230427e-07,1.210090156477365470e-06,1.024971227349068898e-06,1.324991148221919975e-06,4.765225891719491734e-07,0.000000000000000000e+00,3.108484234149391048e-07,1.130129014807069925e-06,9.893020805725600991e-07
5.672683140667437563e-07,6.278646682432266798e-07,1.042796809390920488e-06,8.923064913277288568e-07,1.564423148918969880e-06,1.259748321362951538e-06,9.808263684228838814e-07,8.906907000050191352e-07,1.280352625538272755e-06,7.133684148664056549e-07,1.337051664880949284e-06,9.605730187381694346e-07,1.069002772081944668e-06,1.154909008589017405e-06,1.247229878931792847e-06,1.284066648605831686e-06,8.709527964704309599e-07,8.232630847263004097e-07,1.099710494830373699e-06,1.398213371668034051e-06,9.817900357549892915e-07,7.785496061107361048e-07,3.382350046031954805e-07,1.145442822562810815e-06,1.798104317031024041e-07,9.271519802414195007e-07,1.821471941469208942e-07,2.980209796670748375e-07,1.381337840377148255e-06,7.086689637580198985e-07,2.035089633743656639e-07,6.564804353306498484e-07,4.349918512048111874e-07,1.051845313120506931e-06,1.042813896960902554e-06,0.000000000000000000e+00,2.227863083833327801e-07,8.262622353088539903e-07,1.650088244538032585e-06,1.014632246455721588e-06,7.718509637354819561e-07,1.160386546286490730e-06,9.335091334489082227e-07,7.335933701693180103e-07,3.155091666983373090e-07,1.607229809835631270e-07,9.574905057220002021e-07,8.816978841004003118e-07,3.604505217805340439e-07,1.141756981419602052e-06,1.014266173187666056e-06,1.201078924418608361e-06,4.236353862114707670e-07,0.000000000000000000e+00,2.565793049170165052e-07,1.071290320042039571e-06,9.818830161606110888e-07
9.043741569326352937e-07,9.919868866926434686e-07,1.436564916134465143e-06,1.345631531193690820e-06,1.259748321362951538e-06,3.576275355713510939e-06,1.346765940753621808e-06,1.313806620409604915e-06,1.771908969342422341e-06,9.811567513389935430e-07,1.860166518826870051e-06,1.389394081961988457e-06,1.371286184894267919e-06,1.630730420372116536e-06,1.769882658494153698e-06,1.648486536062281109e-06,1.373040555902846562e-06,1.244569204522449079e-06,1.485945079744725745e-06,1.755265764049722799e-06,1.353597553855435476e-06,1.022626550715233269e-06,4.230728748927492598e-07,1.593564661239712975e-06,2.262331956695524704e-07,1.263682439735874064e-06,2.759013749648267324e-07,4.943107237914447287e-07,1.899660521395756705e-06,9.167741888587333520e-07,3.102134361654912788e-07,9.615230483322257925e-07,6.530502274742494234e-07,1.540051499251271491e-06,1.374165565914998270e-06,0.000000000000000000e+00,6.051240857497199029e-08,1.258390903646462772e-06,1.938565071856821248e-06,1.375145052215088267e-06,1.261844145846825507e-06,1.512454532018722548e-06,1.371000210718951615e-06,1.004144095788887334e-06,5.016943267235166544e-07,1.953886375647504927e-07,1.414114451308791950e-06,1.322885535309681610e-06,4.508286766570481514e-07,1.502251617276685997e-06,1.383757145174679863e-06,1.809094097885853150e-06,7.012043574174307353e-07,0.000000000000000000e+00,3.894967633822672901e-07,1.467140252336227619e-06,1.222258185391227334e-06
6.047734262058077992e-07,6.726291927147963232e-07,1.070450124533924551e-06,9.565796959341970965e-07,9.808263684228838814e-07,1.346765940753621808e-06,1.382641118066275435e-06,9.602775419429955271e-07,1.318364569794643177e-06,7.278454795152679898e-07,1.395445902184298569e-06,1.033822831484993359e-06,1.111628275274435126e-06,1.218437723846471148e-06,1.291401908906008433e-06,1.290436319747240284e-06,9.354882134032921829e-07,9.149041728276966805e-07,1.125159394038409050e-06,1.480745831568383657e-06,1.030163324889660140e-06,8.321697344106307278e-07,3.133914105755359734e-07,1.193607148852135880e-06,1.933783507278884974e-07,9.834626730524904216e-07,2.028518123610785005e-07,3.383958239787157610e-07,1.400530288887439536e-06,7.509500029737990429e-07,2.294278402584479469e-07,6.239764435920977029e-07,4.561515636011898104e-07,1.136167555849889315e-06,1.030793800863511657e-06,0.000000000000000000e+00,1.266949665071134040e-07,8.895219398792881536e-07,2.163562290546427864e-06,1.068946767627241422e-06,9.041103632269221984e-07,1.174630924844870784e-06,9.962139725466978882e-07,7.631834031795850584e-07,3.350586072029414311e-07,2.104883258594001176e-07,1.019309371872796653e-06,9.192007809845685417e-07,2.845632684710817125e-07,1.203015083366883784e-06,1.071609907605611066e-06,1.347317849698711816e-06,4.558566379242792654e-07,0.000000000000000000e+00,2.627103643258398616e-07,1.167558052074493936e-06,1.020697956945996913e-06
6.148137054531808156e-07,6.882687366606114005e-07,9.955808928386252767e-07,9.665674505401432423e-07,8.906907000050191352e-07,1.313806620409604915e-06,9.602775419429955271e-07,2.848023599355139568e-06,1.239291456213176239e-06,7.467379846300742666e-07,1.528573584540006334e-06,9.918883855478150527e-07,1.049932094765056521e-06,1.091571204323766485e-06,1.156113212161174593e-06,1.386543807767173377e-06,9.812768866946856439e-07,9.486229901823671204e-07,1.165380700793457870e-06,1.321268699377650716e-06,1.133884351435548305e-06,8.195239703195659141e-07,3.179026630609682996e-07,1.318044077007949650e-06,2.203509926350173279e-07,1.058870513243911409e-06,2.312421669286113988e-07,3.053280213370170616e-07,1.519939156009727749e-06,7.910825023277652063e-07,2.270279580807561407e-07,6.954299034900763157e-07,5.081663171346831727e-07,1.142323309016079663e-06,1.052577889885776696e-06,0.000000000000000000e+00,1.453533536422250406e-07,9.487988713800653311e-07,1.417349098759959211e-06,1.054024309264690144e-06,9.933825195707891369e-07,1.152654343193222052e-06,9.270377174656456674e-07,7.804818039656179177e-07,3.534724084276909180e-07,1.294700045137111841e-07,1.042412235509408985e-06,9.203429955942203003e-07,2.678032514141831134e-07,1.221432663498892107e-06,1.060655811916150804e-06,1.222699250691732199e-06,4.262116955060038347e-07,0.000000000000000000e+00,3.286567816440664384e-07,1.134445998106244493e-06,1.073112297473784464e-06
8.908223173623002044e-07,9.481654787118472373e-07,1.404554660525480954e-06,1.342691626797866480e-06,1.280352625538272755e-06,1.771908969342422341e-06,1.318364569794643177e-06,1.239291456213176239e-06,2.486130752578916490e-06,1.046315359759130371e-06,1.906887062438541337e-06,1.304695287468828428e-06,1.417661543580877555e-06,1.522125465978037762e-06,1.621206457971621814e-06,1.774683930796615504e-06,1.207061350414856022e-06,1.146305339156749090e-06,1.594534519867187997e-06,1.988021354930240407e-06,1.372252659810450951e-06,1.082499351340563242e-06,4.627775913668514668e-07,1.638417133652220510e-06,2.773707368422170070e-07,1.378077936658067301e-06,2.462679020167423545e-07,4.611003788315239470e-07,2.084805661827625333e-06,1.019396526470249221e-06,3.323369233334198871e-07,8.816806350054462283e-07,6.747856281923244872e-07,1.541426823699913458e-06,1.473070552095599777e-06,0.000000000000000000e+00,1.664046304325829766e-07,1.173114376732338220e-06,2.030926231534905410e-06,1.450898216976817495e-06,1.240104537537175842e-06,1.712256257853703050e-06,1.434218108472874996e-06,1.072696735888219321e-06,4.660809839036013752e-07,2.648295032501425606e-07,1.584294186088937505e-06,1.352419376271821286e-06,5.605457933647825331e-07,1.639970459669030308e-06,1.467043483010663478e-06,1.848786731302768777e-06,6.274515542227281036e-07,0.000000000000000000e+00,3.885088060435832194e-07,1.600421514396604827e-06,1.395231988777805360e-06
4.856510258569301801e-07,5.434531039436115304e-07,7.562590068257606853e-07,7.252274691042086307e-07,7.133684148664056549e-07,9.811567513389935430e-07,7.278454795152679898e-07,7.467379846300742666e-07,1.046315359759130371e-06,1.572354773292243860e-06,1.051632878993633663e-06,7.882014747782773544e-07,8.559890529793439731e-07,8.698013686760992691e-07,9.124435986194347827e-07,1.037893637214665832e-06,7.544544050070046719e-07,6.963873688748663827e-07,9.421247101940456207e-07,1.121681738423045551e-06,8.221332150451585355e-07,6.926787717784580281e-07,3.135616002605459487e-07,9.898079821830757746e-07,1.997893164812911596e-07,8.770031803915824045e-07,1.718256485861452773e-07,2.971735458310713544e-07,1.204381744337722110e-06,6.642175715641024804e-07,1.939152590566983336e-07,5.431782777430398742e-07,4.385329783518188401e-07,9.633446630169233707e-07,9.081466019109721765e-07,0.000000000000000000e+00,4.215586585782110007e-08,7.504438735455555601e-07,9.217947598603488900e-07,8.024702331060350353e-07,7.589922791605261942e-07,9.456055431084020991e-07,7.984168779568801758e-07,6.405435585286226543e-07,2.910909926324260789e-07,1.173642474625276222e-07,9.173863141247036919e-07,7.280335220086726704e-07,3.040160528096744176e-07,1.005731567794679548e-06,8.953393477722301269e-07,1.092696331581136880e-06,3.878334153759767488e-07,0.000000000000000000e+00,2.553759755871975557e-07,9.976626932253978788e-07,8.683475488024003619e-07
8.660503392066042679e-07,9.574144998531795573e-07,1.426245862805315225e-06,1.349992002184331512e-06,1.337051664880949284e-06,1.860166518826870051e-06,1.395445902184298569e-06,1.528573584540006334e-06,1.906887062438541337e-06,1.051632878993633663e-06,5.031504147430623005e-06,1.371720938647757083e-06,1.508835446167391393e-06,1.610402123700848871e-06,1.674990518400638926e-06,1.998066148042316919e-06,1.167887544139991037e-06,1.225722660765290887e-06,1.753580345306848476e-06,2.085887729134920139e-06,1.464733840203095916e-06,1.131647114476930277e-06,4.119548487164356503e-07,1.782752895787019411e-06,3.276609678588326698e-07,1.452259612793734330e-06,2.841332412134196337e-07,4.668396278132404490e-07,2.164416140202336771e-06,1.129736353784826009e-06,3.450150312968263142e-07,9.102775288191807058e-07,6.276307296186553020e-07,1.597640890450208232e-06,1.510802227479699462e-06,0.000000000000000000e+00,2.405608948991791462e-07,1.293001736480642382e-06,7.208351125439234164e-07,1.462635415050862016e-06,1.199626863498747669e-06,1.746453763210607347e-06,1.438008900301818516e-06,1.082413379660734765e-06,4.671335190046594040e-07,3.403630464412521755e-07,1.568999133068077585e-06,1.317687097261741221e-06,5.071535938525254221e-07,1.799632873134479419e-06,1.503486463846679952e-06,1.896584377734575297e-06,6.524077020752177752e-07,0.000000000000000000e+00,4.347222961387994592e-07,1.562079718938072212e-06,1.449731829117296927e-06
5.872186343905511239e-07,6.617205192576637718e-07,1.097696278726072977e-06,9.653019283071497114e-07,9.605730187381694346e-07,1.389394081961988457e-06,1.033822831484993359e-06,9.918883855478150527e-07,1.304695287468828428e-06,7.882014747782773544e-07,1.371720938647757083e-06,1.920263115937898606e-06,1.112658750477284673e-06,1.183087098875544443e-06,1.297980622791848446e-06,1.338002109329447182e-06,9.342171802051431723e-07,1.062664597589649718e-06,1.167380273498200797e-06,1.436691357779386813e-06,1.092636982929950517e-06,9.183349266201749919e-07,3.831243885773902139e-07,1.242207530797023848e-06,2.454830611080129382e-07,9.755088146151113200e-07,2.258184069950902379e-07,3.358675184515319813e-07,1.434487643219440352e-06,8.385882895786612327e-07,2.598802154379966151e-07,7.051460310342424053e-07,5.159639102002687294e-07,1.211659456591789386e-06,1.044794611255683008e-06,0.000000000000000000e+00,1.311484707967496587e-08,9.680107585136953539e-07,1.970447854601733016e-06,1.047816352601558746e-06,9.070498626788079571e-07,1.123657812999832604e-06,1.008898439745652358e-06,7.920284175372649059e-07,3.850404778609387884e-07,2.192854469869036544e-07,1.061510835157246312e-06,8.777428016656581194e-07,4.293210063286456919e-07,1.179124117445410573e-06,1.102154088677251875e-06,1.336376219378670157e-06,5.068007529430106079e-07,0.000000000000000000e+00,3.302851431417852008e-07,1.272633292789866864e-06,1.096868382613300672e-06
6.141556281514257320e-07,6.822841482334600723e-07,1.129660781760353623e-06,1.032222212410802659e-06,1.069002772081944668e-06,1.371286184894267919e-06,1.111628275274435126e-06,1.049932094765056521e-06,1.417661543580877555e-06,8.559890529793439731e-07,1.508835446167391393e-06,1.112658750477284673e-06,2.008816462605193541e-06,1.280993501864727815e-06,1.399235595659965228e-06,1.522496204409502766e-06,1.087912770365870530e-06,9.535593205691123235e-07,1.266243021327892530e-06,1.706458784304086818e-06,1.105648254102480157e-06,9.268914137160402026e-07,4.010774195150122281e-07,1.394163726169662236e-06,2.419009613773935254e-07,1.119100156672506830e-06,2.244735290729022871e-07,3.608740196126106453e-07,1.671980579053747208e-06,8.759369369058704994e-07,2.384490622417071048e-07,7.563002130022653840e-07,5.274235711472647022e-07,1.329248397759952272e-06,1.208825892014518019e-06,0.000000000000000000e+00,-1.847846467786637329e-08,1.008850868844517322e-06,2.477743990918466331e-06,1.163018220593765380e-06,9.182589110467085585e-07,1.288685381731371929e-06,1.055681502161905619e-06,8.504363821351284254e-07,3.713802672005121771e-07,1.768503526992830895e-07,1.158724302108927038e-06,9.748252500270407618e-07,3.423092129506589576e-07,1.416884218112975845e-06,1.235863667925832334e-06,1.564699224462973564e-06,4.208146339524647714e-07,0.000000000000000000e+00,3.119294329565906426e-07,1.341393198181160736e-06,1.236061753672843135e-06
6.679844113156180185e-07,7.853208969164887108e-07,1.198465850399819924e-06,1.114353840992715973e-06,1.154909008589017405e-06,1.630730420372116536e-06,1.218437723846471148e-06,1.091571204323766485e-06,1.522125465978037762e-06,8.698013686760992691e-07,1.610402123700848871e-06,1.183087098875544443e-06,1.280993501864727815e-06,2.101375134610785418e-06,1.567394354615762962e-06,1.474274901420015391e-06,1.092038930328558429e-06,1.065277987580228657e-06,1.320926521830509548e-06,1.712764734819509153e-06,1.194310880330941511e-06,9.864508605656039659e-07,3.989457429618955067e-07,1.362099564422750710e-06,2.217522778756519257e-07,1.121492314031593742e-06,2.262364360658264856e-07,4.141303704546348052e-07,1.668484175147551736e-06,7.976840882157343015e-07,2.512175252735329493e-07,8.824616844005462598e-07,5.418840932928206168e-07,1.273767772749221998e-06,1.255691305476374730e-06,0.000000000000000000e+00,8.762499469486077526e-08,1.020520482618121218e-06,1.845681346991727410e-06,1.153070393235083073e-06,9.660040118366339097e-07,1.324061563520968426e-06,1.141242824445247416e-06,8.909704077748240610e-07,3.854936330453019587e-07,1.684396479862894864e-07,1.118054840622251596e-06,1.053106137448047025e-06,3.556266253316045066e-07,1.405789218740356572e-06,1.201713183974785776e-06,1.483542008721914521e-06,4.909666667586314382e-07,0.000000000000000000e+00,3.454938366062542472e-07,1.273479970976382861e-06,1.127497006435093028e-06
7.069249610687365943e-07,8.351238391675946065e-07,1.345380664914101460e-06,1.134907548588185597e-06,1.247229878931792847e-06,1.769882658494153698e-06,1.291401908906008433e-06,1.156113212161174593e-06,1.621206457971621814e-06,9.124435986194347827e-07,1.674990518400638926e-06,1.297980622791848446e-06,1.399235595659965228e-06,1.567394354615762962e-06,2.154601590080098540e-06,1.553066899808428677e-06,1.202544135658983836e-06,1.171164557894966303e-06,1.357335076679323688e-06,1.794605862262981732e-06,1.288308447384503888e-06,1.051598842406184963e-06,4.296799221080528185e-07,1.486481064454926151e-06,2.263315966747132080e-07,1.174515523585375811e-06,2.570556664625011668e-07,3.924709164045144614e-07,1.729457023656074429e-06,9.166142301390715787e-07,2.829017879510381071e-07,8.528079916945356660e-07,5.790444847587212812e-07,1.390911617457707165e-06,1.302457341601468746e-06,0.000000000000000000e+00,-4.026528645832729975e-08,1.081264618536569437e-06,3.130549950708992903e-06,1.244287533976926169e-06,1.042012338796951286e-06,1.403765787609006412e-06,1.199305439774336592e-06,9.226397410587918376e-07,4.184294297592192039e-07,2.845376915293163620e-07,1.211490864631581715e-06,1.127881431341189862e-06,4.091810505971069417e-07,1.441707195431861495e-06,1.188742490469286662e-06,1.508229671525578409e-06,5.190630676285160216e-07,0.000000000000000000e+00,3.258594991538008710e-07,1.358735601095099863e-06,1.230518591438492341e-06
8.880333163730714826e-07,9.065101363453535961e-07,1.417674785211384598e-06,1.304386083314975952e-06,1.284066648605831686e-06,1.648486536062281109e-06,1.290436319747240284e-06,1.386543807767173377e-06,1.774683930796615504e-06,1.037893637214665832e-06,1.998066148042316919e-06,1.338002109329447182e-06,1.522496204409502766e-06,1.474274901420015391e-06,1.553066899808428677e-06,9.112101117682137758e-06,1.272640276169630724e-06,1.126656373823426540e-06,2.291848557118163721e-06,2.059079520918698438e-06,1.688958882181371114e-06,1.161790002272080519e-06,4.985777849321348405e-07,1.869696328428623117e-06,2.645858827898875053e-07,1.593604402042665430e-06,2.954153498309260308e-07,4.655299298434076139e-07,2.554339248888963527e-06,1.197243190362284379e-06,3.610573723482272366e-07,1.052461041802157889e-06,6.808610519351080395e-07,1.694613096028207586e-06,1.501234925631230844e-06,0.000000000000000000e+00,2.632471229051458865e-07,1.249422289785243924e-06,2.103264283002018453e-06,1.450737917027102454e-06,1.261477503072055755e-06,1.641644802227210212e-06,1.372436486561628145e-06,1.126145252762947501e-06,4.892094535636943902e-07,3.919307650952570195e-07,1.636282120902373897e-06,1.335135844654290324e-06,3.904585988091287656e-07,1.835636870019622967e-06,1.507854008392527376e-06,1.984642038600228137e-06,6.005446696257648058e-07,0.000000000000000000e+00,4.085405408414447310e-07,1.692983901636367038e-06,1.497133255902380689e-06
6.103172384791488181e-07,7.147931089446890780e-07,9.699473151992901511e-07,8.478689032505734413e-07,8.709527964704309599e-07,1.373040555902846562e-06,9.354882134032921829e-07,9.812768866946856439e-07,1.207061350414856022e-06,7.544544050070046719e-07,1.167887544139991037e-06,9.342171802051431723e-07,1.087912770365870530e-06,1.092038930328558429e-06,1.202544135658983836e-06,1.272640276169630724e-06,8.986741724166161628e-06,9.396643708668349975e-07,1.145357999022092606e-06,1.331293312600783478e-06,1.012899306769005431e-06,7.772834289178052798e-07,3.092032099540070508e-07,1.209908128580283953e-06,3.102814727705662960e-07,1.086438941616591072e-06,2.033970915764843943e-07,3.045038974642436260e-07,1.148718165094342999e-06,6.494782534260032353e-07,2.152533987751328629e-07,8.451954169108280468e-07,5.539300116393419753e-07,1.229153081673557183e-06,9.342419658520427907e-07,0.000000000000000000e+00,1.618808513025698907e-07,9.810553487000958499e-07,2.431375880785985471e-06,1.030088177309825262e-06,1.050705061718079798e-06,1.055368360103676925e-06,9.413647805548098976e-07,7.681179885277341691e-07,3.384834836182789209e-07,2.727475291522036550e-07,1.076514113696063129e-06,9.307146118936930258e-07,3.324185946322263877e-07,1.147372684681820473e-06,1.005963654609193570e-06,1.733285462357427344e-06,5.103222946761107938e-07,0.000000000000000000e+00,2.889330257852421008e-07,1.123972007662163083e-06,9.358413155718325249e-07
5.341048598826328373e-07,6.185229735706667368e-07,9.326696539845821097e-07,8.334711757941451485e-07,8.232630847263004097e-07,1.244569204522449079e-06,9.149041728276966805e-07,9.486229901823671204e-07,1.146305339156749090e-06,6.963873688748663827e-07,1.225722660765290887e-06,1.062664597589649718e-06,9.535593205691123235e-07,1.065277987580228657e-06,1.171164557894966303e-06,1.126656373823426540e-06,9.396643708668349975e-07,2.915844416212152816e-06,1.031013640640566854e-06,1.246484181060327964e-06,9.838517252086340842e-07,7.868032820204308302e-07,3.338857888226015009e-07,1.070157566137297642e-06,2.199004452551246594e-07,8.805019786745713796e-07,2.137660538285789484e-07,3.273865827378148889e-07,1.256296080852828890e-06,9.424000722197862211e-07,2.335668307676708918e-07,6.007972133913938954e-07,4.702863172266232863e-07,1.068048633085235552e-06,9.146623520162264195e-07,0.000000000000000000e+00,6.050378682865384268e-08,8.605473031149652643e-07,1.360124570142956596e-06,8.654685081963989033e-07,8.359562154689662602e-07,9.553144460445624865e-07,8.973728841373300613e-07,7.253992555346533584e-07,3.456216504193227047e-07,2.051105505018896247e-07,9.171341264154691238e-07,8.236950282415818572e-07,2.958557504339147481e-07,1.037789667274374658e-06,9.093486432870698164e-07,1.236387678323811501e-06,4.723066692165700844e-07,0.000000000000000000e+00,2.656951353170162000e-07,1.142347482840499921e-06,9.623595601113275932e-07
7.643589336966619847e-07,8.011775032216639426e-07,1.203602443788195788e-06,1.162625412167172708e-06,1.099710494830373699e-06,1.485945079744725745e-06,1.125159394038409050e-06,1.165380700793457870e-06,1.594534519867187997e-06,9.421247101940456207e-07,1.753580345306848476e-06,1.167380273498200797e-06,1.266243021327892530e-06,1.320926521830509548e-06,1.357335076679323688e-06,2.291848557118163721e-06,1.145357999022092606e-06,1.031013640640566854e-06,3.440614511297652832e-06,1.722336683744043469e-06,1.390491398976928833e-06,1.000287062417325353e-06,4.286399935013897512e-07,1.520132204878931780e-06,2.717238422772688380e-07,1.238967319207129889e-06,2.565531045350741947e-07,4.512283552191126662e-07,2.164269361550306190e-06,1.003311673152596039e-06,2.958149562604656800e-07,8.125792195756429162e-07,5.992986898801239126e-07,1.493312191497189099e-06,1.354527732429713074e-06,0.000000000000000000e+00,3.258438469284066480e-07,1.117738204961394252e-06,1.355636361751810419e-06,1.260451280232146027e-06,1.180316935830861682e-06,1.442581670012375324e-06,1.219854083692103152e-06,9.972153271889715364e-07,4.236488248817221037e-07,2.006411102658076790e-07,1.420708612217779068e-06,1.123530817751213617e-06,4.631463826506733653e-07,1.613490390839766638e-06,1.349839605870680591e-06,1.709382983287846246e-06,5.654206820474448324e-07,0.000000000000000000e+00,4.190186466586090532e-07,1.484288666596437287e-06,1.300605808223871640e-06
8.445055523975596201e-07,9.204354411709427181e-07,1.521386896168873445e-06,1.370373771116013738e-06,1.398213371668034051e-06,1.755265764049722799e-06,1.480745831568383657e-06,1.321268699377650716e-06,1.988021354930240407e-06,1.121681738423045551e-06,2.085887729134920139e-06,1.436691357779386813e-06,1.706458784304086818e-06,1.712764734819509153e-06,1.794605862262981732e-06,2.059079520918698438e-06,1.331293312600783478e-06,1.246484181060327964e-06,1.722336683744043469e-06,3.367780579068494612e-06,1.491353935114821779e-06,1.240091129391880747e-06,4.837479441013739424e-07,1.883812027171484334e-06,2.610198489899776139e-07,1.482086493201061047e-06,2.769063499461137794e-07,4.153673848551758253e-07,2.252223571367307649e-06,1.146965518619967184e-06,3.477456741275645957e-07,9.118153552306561837e-07,6.490567751913018262e-07,1.685252582546967001e-06,1.661019675824007593e-06,0.000000000000000000e+00,1.260768472368028294e-07,1.105270025671164590e-06,3.026365646402408038e-06,1.500373140633620497e-06,1.142189296401454415e-06,1.777965517673314664e-06,1.495916431554019622e-06,1.136730173767801837e-06,4.527035853183467504e-07,2.438457370989008879e-07,1.503231582839243489e-06,1.344725835830222762e-06,5.265402959466306943e-07,1.908884924569026992e-06,1.503582097626366099e-06,1.857929221866009074e-06,6.631219584845580951e-07,0.000000000000000000e+00,3.438858192814996126e-07,1.742847758679237930e-06,1.525673906368231755e-06
6.417909366804839150e-07,7.042928673979188595e-07,1.059000028152453691e-06,9.872131370508522131e-07,9.817900357549892915e-07,1.353597553855435476e-06,1.030163324889660140e-06,1.133884351435548305e-06,1.372252659810450951e-06,8.221332150451585355e-07,1.464733840203095916e-06,1.092636982929950517e-06,1.105648254102480157e-06,1.194310880330941511e-06,1.288308447384503888e-06,1.688958882181371114e-06,1.012899306769005431e-06,9.838517252086340842e-07,1.390491398976928833e-06,1.491353935114821779e-06,3.943620555978827833e-06,9.175165541723154260e-07,3.625761328814350905e-07,1.401828617612795739e-06,2.195085768720414173e-07,1.196679797004578422e-06,2.116492577670574967e-07,3.637481586630916429e-07,1.604956806027174829e-06,9.028733898524361663e-07,2.416300240910230156e-07,7.474338968436238128e-07,5.238698520260493181e-07,1.275434529804086363e-06,1.157198268847858357e-06,0.000000000000000000e+00,1.795736723338446873e-07,9.969125031408017293e-07,1.748642384928955948e-06,1.087494043832411737e-06,9.979498070788220809e-07,1.227003269300790044e-06,1.043242446301553730e-06,8.542564190484737974e-07,3.925235752380588961e-07,1.692237372421654021e-07,1.214112727655436903e-06,9.912677361103457361e-07,3.759531022643344232e-07,1.352336597097121051e-06,1.096480900279948377e-06,1.379154217836954852e-06,5.383058351726982520e-07,0.000000000000000000e+00,3.043629500778414951e-07,1.318724675276787084e-06,1.156934659837450394e-06
4.907511842466804298e-07,5.387468348997590343e-07,8.213150615316090768e-07,7.529012419706982493e-07,7.785496061107361048e-07,1.022626550715233269e-06,8.321697344106307278e-07,8.195239703195659141e-07,1.082499351340563242e-06,6.926787717784580281e-07,1.131647114476930277e-06,9.183349266201749919e-07,9.268914137160402026e-07,9.864508605656039659e-07,1.051598842406184963e-06,1.161790002272080519e-06,7.772834289178052798e-07,7.868032820204308302e-07,1.000287062417325353e-06,1.240091129391880747e-06,9.175165541723154260e-07,1.704489085453072684e-06,3.505430366222325894e-07,1.093711709803019233e-06,2.380884787028250795e-07,9.313648228561585279e-07,2.101836037179470985e-07,3.294163782133144328e-07,1.223697553177203260e-06,7.577195166008987544e-07,2.228295488969078013e-07,5.889907506601470946e-07,4.538516478800335062e-07,1.034166274592656498e-06,9.076443115364864367e-07,0.000000000000000000e+00,-1.210734329007420031e-07,8.059475798051299028e-07,1.869277490793749619e-06,8.696552200755014380e-07,7.943158339228291678e-07,9.555327465293979106e-07,8.335519632238365791e-07,7.067824640850061863e-07,3.369619701241504864e-07,2.338294827639043897e-07,9.245876768176349580e-07,7.357928182734694620e-07,2.805119368134952570e-07,1.047897410489439018e-06,8.984333311611035939e-07,1.120306573394735261e-06,3.922782430432152986e-07,0.000000000000000000e+00,2.768331201288535768e-07,1.099221344517847486e-06,9.902837033434417209e-07
2.592921316308308997e-07,2.282127734948491189e-07,3.411631686574837783e-07,3.352468486319242604e-07,3.382350046031954805e-07,4.230728748927492598e-07,3.133914105755359734e-07,3.179026630609682996e-07,4.627775913668514668e-07,3.135616002605459487e-07,4.119548487164356503e-07,3.831243885773902139e-07,4.010774195150122281e-07,3.989457429618955067e-07,4.296799221080528185e-07,4.985777849321348405e-07,3.092032099540070508e-07,3.338857888226015009e-07,4.286399935013897512e-07,4.837479441013739424e-07,3.625761328814350905e-07,3.505430366222325894e-07,8.232388713343144671e-07,3.928373549356349753e-07,1.434633682359808682e-07,3.635127954841546936e-07,1.336274917042719402e-07,1.737633307032601141e-07,5.334604921243256945e-07,3.095733114992858259e-07,1.029214588769387881e-07,3.011576208612479870e-07,2.215823199084928350e-07,4.045804647248238040e-07,3.941846407636554146e-07,0.000000000000000000e+00,-5.209097455836853733e-09,3.322074016433098538e-07,3.598991407284989884e-07,3.696405267055861962e-07,3.468114027082747331e-07,4.184792262303550277e-07,3.468631209601025406e-07,2.926383846163258617e-07,1.961598958116403047e-07,6.674975923442052202e-08,3.903915450155907894e-07,2.819753610633020491e-07,1.257522096386854380e-07,4.217092928721234478e-07,4.221661893862779611e-07,4.962006171807870307e-07,1.970322548621970425e-07,0.000000000000000000e+00,1.630764068033259820e-07,4.494825765124075516e-07,4.234421715953430088e-07
7.602958039631179334e-07,7.881155386825707599e-07,1.240576323241194125e-06,1.160104691655082459e-06,1.145442822562810815e-06,1.593564661239712975e-06,1.193607148852135880e-06,1.318044077007949650e-06,1.638417133652220510e-06,9.898079821830757746e-07,1.782752895787019411e-06,1.242207530797023848e-06,1.394163726169662236e-06,1.362099564422750710e-06,1.486481064454926151e-06,1.869696328428623117e-06,1.209908128580283953e-06,1.070157566137297642e-06,1.520132204878931780e-06,1.883812027171484334e-06,1.401828617612795739e-06,1.093711709803019233e-06,3.928373549356349753e-07,5.784937913900201283e-06,2.078812646330499637e-07,1.317560156644595657e-06,2.603757150977780160e-07,3.952987614994231771e-07,1.970880541961495137e-06,1.074156275028775104e-06,3.039741821113789740e-07,7.882658223068922546e-07,6.387257111408611642e-07,1.555063892664619359e-06,1.452452684813237558e-06,0.000000000000000000e+00,-2.892514785477160220e-08,1.126214668730841166e-06,2.285625375003909922e-06,1.320506017513008272e-06,1.127833979981368498e-06,1.440188713803820315e-06,1.281482979961337626e-06,9.769382176106958814e-07,4.381719847997300309e-07,2.112435793142710514e-07,1.407896561443861589e-06,1.143998911467567422e-06,4.785110101776946735e-07,2.012259907683297377e-06,1.438698793840184316e-06,1.562070423847507507e-06,6.562903785940245274e-07,0.000000000000000000e+00,3.880138066978964722e-07,1.646488837840380865e-06,1.386524238694691979e-06
1.300649575665853113e-07,1.261688719490687909e-07,2.025624523462668929e-07,1.957460503598976362e-07,1.798104317031024041e-07,2.262331956695524704e-07,1.933783507278884974e-07,2.203509926350173279e-07,2.773707368422170070e-07,1.997893164812911596e-07,3.276609678588326698e-07,2.454830611080129382e-07,2.419009613773935254e-07,2.217522778756519257e-07,2.263315966747132080e-07,2.645858827898875053e-07,3.102814727705662960e-07,2.199004452551246594e-07,2.717238422772688380e-07,2.610198489899776139e-07,2.195085768720414173e-07,2.380884787028250795e-07,1.434633682359808682e-07,2.078812646330499637e-07,1.954404670643565976e-06,3.708436848432788712e-07,8.444621188239695498e-08,1.468774664093927504e-07,3.484047830831849441e-07,2.284121230012326615e-07,7.048701348460981879e-08,1.718294495541743866e-07,1.731418269755726656e-07,2.567654321589592739e-07,2.553791370177231526e-07,0.000000000000000000e+00,3.662384002821470672e-08,2.497390011202710957e-07,5.109358536455368185e-07,2.749444883230363699e-07,1.994729739056928212e-07,2.547437146419299966e-07,2.072759921148092347e-07,1.745901570958723149e-07,1.304608305697836960e-07,1.092233641380198977e-07,2.692240597281731331e-07,1.623369938979014654e-07,1.409221559060474294e-07,2.349719334487555836e-07,2.969628873151251323e-07,4.089252618888687096e-07,9.829749585352536775e-08,0.000000000000000000e+00,1.364876378018626963e-07,2.771462185662300992e-07,2.538906704148500569e-07
6.197130760424476496e-07,7.036254928444176938e-07,8.937401249942878063e-07,9.300429956813772253e-07,9.271519802414195007e-07,1.263682439735874064e-06,9.834626730524904216e-07,1.058870513243911409e-06,1.378077936658067301e-06,8.770031803915824045e-07,1.452259612793734330e-06,9.755088146151113200e-07,1.119100156672506830e-06,1.121492314031593742e-06,1.174515523585375811e-06,1.593604402042665430e-06,1.086438941616591072e-06,8.805019786745713796e-07,1.238967319207129889e-06,1.482086493201061047e-06,1.196679797004578422e-06,9.313648228561585279e-07,3.635127954841546936e-07,1.317560156644595657e-06,3.708436848432788712e-07,1.318543976535944959e-05,2.186536240725868652e-07,3.602488731355241611e-07,1.598688918101716239e-06,8.935504546092173928e-07,2.345550852674721620e-07,7.555455774369631833e-07,7.217248653716552923e-07,1.307545753577725629e-06,1.233752363138507504e-06,0.000000000000000000e+00,3.361560117348571409e-07,9.091998385023348580e-07,2.321899202629345079e-06,1.218030133239314086e-06,1.168247508188133279e-06,1.205450269579825877e-06,9.948162789645879467e-07,7.920375102928971217e-07,5.089162441091363447e-07,2.866911187197579493e-07,1.297999004906707784e-06,9.655115688726776554e-07,3.466580938495469670e-07,1.267666920671260713e-06,1.193711808384160736e-06,1.529792247823513265e-06,4.267232853257243531e-07,0.000000000000000000e+00,3.899212883347549916e-07,1.198421893860819194e-06,1.040213283043652498e-06
1.587674088853112984e-07,1.426014066281481040e-07,2.049549412559262361e-07,1.907328430008563545e-07,1.821471941469208942e-07,2.759013749648267324e-07,2.028518123610785005e-07,2.312421669286113988e-07,2.462679020167423545e-07,1.718256485861452773e-07,2.841332412134196337e-07,2.258184069950902379e-07,2.244735290729022871e-07,2.262364360658264856e-07,2.570556664625011668e-07,2.954153498309260308e-07,2.033970915764843943e-07,2.137660538285789484e-07,2.565531045350741947e-07,2.769063499461137794e-07,2.116492577670574967e-07,2.101836037179470985e-07,1.336274917042719402e-07,2.603757150977780160e-07,8.444621188239695498e-08,2.186536240725868652e-07,7.022184838073148844e-07,1.533981875522794559e-07,2.909884957275211317e-07,1.915949373599301330e-07,6.536623763605229057e-08,1.561609251400750665e-07,1.329786000845100329e-07,2.560834642136256995e-07,2.247703659742709486e-07,0.000000000000000000e+00,-2.871188554652671578e-09,2.578134638857627008e-07,1.353570500333216790e-08,2.019705596435260993e-07,2.156140617871246070e-07,2.493956153078336089e-07,2.032824683090642804e-07,1.685793788539632766e-07,1.126449215188134954e-07,6.812987030035878988e-08,1.783871835873235631e-07,1.697480329338134606e-07,5.140228138029813243e-08,2.553992846721063176e-07,2.494008762879465189e-07,2.388036909045252416e-07,1.577727028478089323e-07,0.000000000000000000e+00,9.116787999887676909e-08,2.922208888562363811e-07,2.310339257815942740e-07
2.580868966215889544e-07,2.645888500790228531e-07,3.316736753327681114e-07,3.339556376217854026e-07,2.980209796670748375e-07,4.943107237914447287e-07,3.383958239787157610e-07,3.053280213370170616e-07,4.611003788315239470e-07,2.971735458310713544e-07,4.668396278132404490e-07,3.358675184515319813e-07,3.608740196126106453e-07,4.141303704546348052e-07,3.924709164045144614e-07,4.655299298434076139e-07,3.045038974642436260e-07,3.273865827378148889e-07,4.512283552191126662e-07,4.153673848551758253e-07,3.637481586630916429e-07,3.294163782133144328e-07,1.737633307032601141e-07,3.952987614994231771e-07,1.468774664093927504e-07,3.602488731355241611e-07,1.533981875522794559e-07,3.685041607714720605e-06,4.981385174020088309e-07,3.371891481024278796e-07,8.138509075453594960e-08,3.316140275247655373e-07,2.121764564041534526e-07,3.988940667799602987e-07,3.809119096637789348e-07,0.000000000000000000e+00,-5.782970015258704895e-08,3.797872393952302631e-07,2.189074281560231051e-07,3.633577775077073419e-07,2.502276295109290164e-07,3.630231047127001535e-07,3.731951866650402827e-07,2.983025015540115184e-07,1.745515563171757133e-07,1.628130643243756718e-07,3.626492143436792135e-07,3.075578281980299950e-07,1.708970174474435203e-07,3.538597365218634727e-07,4.961684780180566380e-07,4.659685242844189222e-07,1.693008091889966454e-07,0.000000000000000000e+00,1.785215158948625449e-07,4.894297557563932954e-07,3.380509759519846996e-07
