4.443181476292794104e-07,4.803403927367131174e-07,5.975847404348490568e-07,5.108516855088398192e-07,5.430192820481241677e-07,5.022417248844308115e-07,6.242890461010239991e-07,6.463714699521810948e-07,6.347623419209929221e-07,5.298086922803957227e-07,5.444399367859681744e-07,4.847390698977039893e-07,8.234798530968042279e-07,5.529618584265484939e-07,5.753301952310295831e-07,8.121656009724243957e-07,5.929093925830683093e-07,3.762400406133552172e-07,8.583719220265890127e-07,5.941134647619437065e-07,3.899961231338736001e-07,5.568187780501978658e-07,1.251861563746651225e-07,6.543162713011982170e-07,9.946135786955559735e-08,6.281154634990718608e-07,2.685896359037547181e-07,1.978100575387885297e-08,7.022969373509742842e-07,4.678216047255922567e-07,0.000000000000000000e+00,1.003377335012750966e-07,2.796261952478814239e-07,0.000000000000000000e+00,7.048008536073382225e-07,0.000000000000000000e+00,3.311726473886971629e-09,6.804225777141346740e-07,3.992512210980050079e-07,6.687050650394925958e-07,2.111444690822325611e-07,5.998844877323656700e-07,6.075605841019930071e-07,6.039996500114880528e-07,2.349104610669408105e-07,nan,4.822127133436646355e-07,7.229171724085888176e-07,nan,nan,nan,nan,nan,nan,nan,nan,nan
4.803403927367131174e-07,7.255046686814915517e-07,7.483991146241581112e-07,6.510961525781368502e-07,6.729525989666960992e-07,6.468442262167446314e-07,7.577736944472825719e-07,8.084925963023876941e-07,8.281020108350903609e-07,6.894890475449478573e-07,6.848805029646319281e-07,6.029477249098963296e-07,9.891873266609399876e-07,7.096052398183998460e-07,7.246790029118734063e-07,9.937965687287240005e-07,7.276869291087429934e-07,4.688338720794339161e-07,1.073055554270243394e-06,7.604734063598553303e-07,4.949441466362847592e-07,6.897323605770925540e-07,1.323007496783545984e-07,7.857890112180689596e-07,1.100323367275346939e-07,7.759123615889961182e-07,2.860945926312974383e-07,2.348858483292199295e-08,8.581703321355835589e-07,5.626867675796799046e-07,0.000000000000000000e+00,1.057110541016253687e-07,3.643373680849462081e-07,0.000000000000000000e+00,8.982040119819022720e-07,0.000000000000000000e+00,5.580713426927015372e-09,8.706863609639036426e-07,5.025031791908290559e-07,8.423155943317733753e-07,2.632228924510843315e-07,7.843948846237331783e-07,8.207291790022793698e-07,7.876110305848750595e-07,2.745203178316831064e-07,nan,5.713591697063850905e-07,9.110194085983509934e-07,nan,nan,nan,nan,nan,nan,nan,nan,nan
5.975847404348490568e-07,7.483991146241581112e-07,1.757698411461410586e-06,9.510542701479925518e-07,9.483198750736814711e-07,8.411455973011347189e-07,1.049065863939665302e-06,1.075434816388098203e-06,1.057411333460028843e-06,8.505222206637298045e-07,9.565807275561649535e-07,8.710612201709128764e-07,1.375809124914925478e-06,9.641161330261555121e-07,1.039087569215924625e-06,1.340788463615686558e-06,9.916930184648383910e-07,6.836104060566038852e-07,1.391838161278410837e-06,1.031758697903772939e-06,6.961935164823115566e-07,9.699650953160160723e-07,1.710263686904172936e-07,1.014376104428601329e-06,1.416572084960390600e-07,1.029625399552316914e-06,4.136507973025824902e-07,1.629706043450047550e-08,1.148871137210802292e-06,8.187755818798053281e-07,0.000000000000000000e+00,1.497026479724760556e-07,4.476861401485872419e-07,0.000000000000000000e+00,1.153995388354484648e-06,0.000000000000000000e+00,3.080210967454774225e-08,1.130211446328473459e-06,6.829734260192613380e-07,1.105850884489151783e-06,3.413756243971833955e-07,1.102850520553509706e-06,1.025423676146126604e-06,1.013580228613599754e-06,3.527255056608088983e-07,nan,8.767775008408337553e-07,1.177717142079004982e-06,nan,nan,nan,nan,nan,nan,nan,nan,nan
5.108516855088398192e-07,6.510961525781368502e-07,9.510542701479925518e-07,1.212901822753612949e-06,7.640363721411412317e-07,7.182670885192563003e-07,8.923524861218369395e-07,9.246527619253723458e-07,9.512635943040538818e-07,7.551060733272136835e-07,7.735839453383907074e-07,6.798266636810976958e-07,1.233585548215283185e-06,8.210348200431877236e-07,8.446824313291706034e-07,1.145226413678664241e-06,8.452206128239062916e-07,5.322404803626761625e-07,1.195044530054439609e-06,8.780182966270675794e-07,5.588301899233544069e-07,7.786299908122560987e-07,1.239484271938678220e-07,8.660916474326052834e-07,1.225772743683808899e-07,8.731054340852738456e-07,3.168397501016019362e-07,6.754533419131751292e-08,9.989067017033038835e-07,6.604308204707665672e-07,0.000000000000000000e+00,1.147225634717103891e-07,3.380071870909993507e-07,0.000000000000000000e+00,1.030039018556315320e-06,0.000000000000000000e+00,2.912572338235114877e-08,9.596580497372274824e-07,5.553356361231639840e-07,9.205859557280450454e-07,2.761886148506662307e-07,8.723529654419339958e-07,9.078074509772578458e-07,8.752715676607530331e-07,2.670848465802234812e-07,nan,6.722186354308791406e-07,1.016755484448540828e-06,nan,nan,nan,nan,nan,nan,nan,nan,nan
5.430192820481241677e-07,6.729525989666960992e-07,9.483198750736814711e-07,7.640363721411412317e-07,1.159221828124653009e-06,7.287056296417373515e-07,9.322375303083207623e-07,9.513650169815380217e-07,9.287002034188260218e-07,7.550497592285872469e-07,8.223224996316871356e-07,7.368130352165811790e-07,1.176466716064459046e-06,8.331138654316250321e-07,8.642861810266350394e-07,1.176928156579505822e-06,8.758044980641439573e-07,5.901711252809870349e-07,1.252683682328084852e-06,9.142633153291899220e-07,5.832585741633435922e-07,8.236941175133510854e-07,1.611308021549827683e-07,9.179416651677003251e-07,1.603519083539770432e-07,8.812921228879165214e-07,3.183687183931182806e-07,2.639652843656201499e-08,1.052767800951505551e-06,7.326401157709859270e-07,0.000000000000000000e+00,1.286217215750601100e-07,4.083764471993851339e-07,0.000000000000000000e+00,1.027641270465714501e-06,0.000000000000000000e+00,1.118836723600766697e-08,1.002546352224798245e-06,6.303653474512789397e-07,9.934742224085586963e-07,3.342913785764980158e-07,9.251407411323887341e-07,9.055275099607850247e-07,9.082314621225589277e-07,3.366230616153833517e-07,nan,7.470771481270971027e-07,9.947668333010069812e-07,nan,nan,nan,nan,nan,nan,nan,nan,nan
5.022417248844308115e-07,6.468442262167446314e-07,8.411455973011347189e-07,7.182670885192563003e-07,7.287056296417373515e-07,9.415704682341071319e-07,8.234228340543158365e-07,8.917026986363857171e-07,8.978756469312110540e-07,7.335569241969347079e-07,7.709922745699804750e-07,7.044784607306458471e-07,1.133444853809457499e-06,7.945678186507961920e-07,8.550010840219296643e-07,1.083416846749181997e-06,8.219421535036870186e-07,5.624026148382268350e-07,1.164825573634200213e-06,8.738300755821675886e-07,5.800370903015325359e-07,7.693838960509735122e-07,1.507483944779578165e-07,8.711712151755748936e-07,1.362353178309376938e-07,8.220158451593167467e-07,3.320038311634776586e-07,2.318908427406572931e-08,9.420872778618513217e-07,6.417997192420582757e-07,0.000000000000000000e+00,1.242776338440573883e-07,3.906324931754831395e-07,0.000000000000000000e+00,9.643904100795958715e-07,0.000000000000000000e+00,5.466606873431031527e-08,9.593111389088369486e-07,5.612370523959389486e-07,8.898863450206867277e-07,3.092680003524362351e-07,8.661302377896352950e-07,8.613792001162452773e-07,8.679607320672298054e-07,3.097244707655549543e-07,nan,6.692937363790095835e-07,9.548301415532987720e-07,nan,nan,nan,nan,nan,nan,nan,nan,nan
6.242890461010239991e-07,7.577736944472825719e-07,1.049065863939665302e-06,8.923524861218369395e-07,9.322375303083207623e-07,8.234228340543158365e-07,1.797262278573767300e-06,1.099383428289982189e-06,1.085019884603330464e-06,8.637967087202688702e-07,9.600920420936099112e-07,8.462238548504354463e-07,1.492498598621380724e-06,9.326214482982185501e-07,9.809196614643570798e-07,1.395650458474997337e-06,1.054975534652959951e-06,6.638021524748508782e-07,1.469842486303615204e-06,1.061727910837383502e-06,6.731799143682267711e-07,9.296037290555081206e-07,1.528666018017933908e-07,1.062919950048673235e-06,1.323032375981027255e-07,1.062483042944325791e-06,3.050992759715978403e-07,3.358874340540352572e-08,1.224444537599645293e-06,8.071153709019590405e-07,0.000000000000000000e+00,1.315135603053661384e-07,3.996745593736737187e-07,0.000000000000000000e+00,1.197498309769286205e-06,0.000000000000000000e+00,8.089212154381044127e-09,1.186508000860714434e-06,7.067210992595302938e-07,1.165209582864603278e-06,3.344606154003445632e-07,1.043517128465660943e-06,1.007268460446406710e-06,1.056788582998530368e-06,3.452023025956311134e-07,nan,8.211125195591983976e-07,1.205277376166279781e-06,nan,nan,nan,nan,nan,nan,nan,nan,nan
6.463714699521810948e-07,8.084925963023876941e-07,1.075434816388098203e-06,9.246527619253723458e-07,9.513650169815380217e-07,8.917026986363857171e-07,1.099383428289982189e-06,2.196306706719115322e-06,1.157546563739974294e-06,1.002154114517166453e-06,1.132691492109660087e-06,9.630207070884513896e-07,1.581330505196092169e-06,1.034443624807002442e-06,1.085242587395562913e-06,1.542751103575145375e-06,1.166864648443432846e-06,7.535878708860904995e-07,1.609198616399487465e-06,1.218965568822152128e-06,8.121191633455544793e-07,1.157441331308107630e-06,2.051541658318773059e-07,1.236111520232592048e-06,1.819329380286301954e-07,1.190359917993651217e-06,4.539828542437010893e-07,1.940554307035951482e-08,1.316121637191801523e-06,9.016706730985579011e-07,0.000000000000000000e+00,1.910139252317435672e-07,5.243193744157618654e-07,0.000000000000000000e+00,1.353831154271828752e-06,0.000000000000000000e+00,6.646782317806037915e-09,1.356183093294608655e-06,8.469868171278358375e-07,1.179791651268266146e-06,4.572007014251934330e-07,1.146146186240556892e-06,1.141871284412774236e-06,1.224170131648949245e-06,4.298304555893592126e-07,nan,9.715911684489847247e-07,1.292288593523275691e-06,nan,nan,nan,nan,nan,nan,nan,nan,nan
6.347623419209929221e-07,8.281020108350903609e-07,1.057411333460028843e-06,9.512635943040538818e-07,9.287002034188260218e-07,8.978756469312110540e-07,1.085019884603330464e-06,1.157546563739974294e-06,1.725006225933488572e-06,9.381005793022490416e-07,9.892601182713448441e-07,8.460970109575363287e-07,1.459054125374891555e-06,9.937021945230261446e-07,1.035123067623013249e-06,1.408972256866548931e-06,1.053387696946822737e-06,6.926323927597482373e-07,1.486384406797654785e-06,1.136471009200753392e-06,7.042353490372980119e-07,9.701325549002990037e-07,1.695771839854952915e-07,1.101980983207743874e-06,1.593845910626408057e-07,1.061126487321718084e-06,3.446573845372611437e-07,2.356382662277283755e-08,1.196706161649174439e-06,8.076166722049078838e-07,0.000000000000000000e+00,1.491617823592651857e-07,4.561535968589613812e-07,0.000000000000000000e+00,1.268710507794246829e-06,0.000000000000000000e+00,5.627259855608115620e-09,1.225854329918658492e-06,7.100509981606166135e-07,1.171637343775932338e-06,4.102800843144363437e-07,1.154053724418053055e-06,1.153187286188967194e-06,1.135586857179380667e-06,3.498206806903122347e-07,nan,8.210931246159367422e-07,1.255970739395114159e-06,nan,nan,nan,nan,nan,nan,nan,nan,nan
5.298086922803957227e-07,6.894890475449478573e-07,8.505222206637298045e-07,7.551060733272136835e-07,7.550497592285872469e-07,7.335569241969347079e-07,8.637967087202688702e-07,1.002154114517166453e-06,9.381005793022490416e-07,1.380651499877552924e-06,8.361154646059471562e-07,7.542317436264607712e-07,1.240993982392245118e-06,8.287770293062039024e-07,8.608074815812205728e-07,1.225987430286102878e-06,8.941843071328142205e-07,5.963784880017956223e-07,1.292172988686609720e-06,9.315879154676960178e-07,6.328797554420966157e-07,8.803285585031529289e-07,1.693666231926471811e-07,9.776569311493853960e-07,1.446689422824253069e-07,9.350637008560812558e-07,3.528579625555459509e-07,1.569147586530150957e-08,1.043736586405912169e-06,7.278711642599386944e-07,0.000000000000000000e+00,1.436776257904512663e-07,4.092267866372353338e-07,0.000000000000000000e+00,1.090902673424021374e-06,0.000000000000000000e+00,-2.444014558832267068e-08,1.056322545938367338e-06,6.708631060011708153e-07,9.564405723320861132e-07,3.298133040318542433e-07,9.226658775165808988e-07,9.425017300580139264e-07,9.697400344945270219e-07,3.289865896777283172e-07,nan,7.658420899477560056e-07,1.045460849997071018e-06,nan,nan,nan,nan,nan,nan,nan,nan,nan
5.444399367859681744e-07,6.848805029646319281e-07,9.565807275561649535e-07,7.735839453383907074e-07,8.223224996316871356e-07,7.709922745699804750e-07,9.600920420936099112e-07,1.132691492109660087e-06,9.892601182713448441e-07,8.361154646059471562e-07,2.449723447591174422e-06,8.916667950449924948e-07,1.457670813083355388e-06,8.529839584972432436e-07,9.215987503255151975e-07,1.360737273014021097e-06,1.030079937960807742e-06,7.328512254686051999e-07,1.431450732916432029e-06,1.272988886320138062e-06,7.733110788828800436e-07,1.026129521309316369e-06,2.026164832743969033e-07,1.108936179949006753e-06,1.877512270975838347e-07,9.060802832432967066e-07,3.158451897597271745e-07,3.275050689560252578e-08,1.119588284924274627e-06,8.852387702364177377e-07,0.000000000000000000e+00,1.593138909287660591e-07,4.891654747411316194e-07,0.000000000000000000e+00,1.113222447944276347e-06,0.000000000000000000e+00,-2.468483406961537051e-08,1.235181506320267270e-06,7.895551200402536164e-07,1.051999313762134828e-06,4.878192266946384667e-07,1.118287027189780490e-06,9.949953829829014587e-07,1.130386627131482059e-06,4.023939829830251300e-07,nan,9.473963696563712146e-07,1.156936780219650574e-06,nan,nan,nan,nan,nan,nan,nan,nan,nan
4.847390698977039893e-07,6.029477249098963296e-07,8.710612201709128764e-07,6.798266636810976958e-07,7.368130352165811790e-07,7.044784607306458471e-07,8.462238548504354463e-07,9.630207070884513896e-07,8.460970109575363287e-07,7.542317436264607712e-07,8.916667950449924948e-07,1.501883350656432033e-06,1.192282643455060019e-06,7.729038659498382727e-07,8.557878534949784292e-07,1.166263500871520994e-06,9.151619624484760138e-07,7.258900969997081754e-07,1.234033569835429306e-06,1.003132616603419413e-06,7.079384282624447812e-07,8.932207106571927816e-07,2.010372370617955682e-07,9.713609740448646057e-07,1.863966579613937751e-07,7.795750424417655977e-07,4.295241238528544176e-07,5.973054697606282756e-08,9.909369930751652296e-07,7.491553971838022830e-07,0.000000000000000000e+00,1.747527148362649331e-07,4.493366620886080507e-07,0.000000000000000000e+00,9.847935624007891203e-07,0.000000000000000000e+00,3.127171164056737685e-08,1.065377885864369520e-06,6.904228581694545548e-07,8.983425823478919214e-07,4.191497323130109921e-07,9.616427545220330871e-07,8.478279082757197830e-07,9.558253123252080739e-07,3.888117104371766878e-07,nan,8.583273620099276992e-07,9.681639879376366923e-07,nan,nan,nan,nan,nan,nan,nan,nan,nan
8.234798530968042279e-07,9.891873266609399876e-07,1.375809124914925478e-06,1.233585548215283185e-06,1.176466716064459046e-06,1.133444853809457499e-06,1.492498598621380724e-06,1.581330505196092169e-06,1.459054125374891555e-06,1.240993982392245118e-06,1.457670813083355388e-06,1.192282643455060019e-06,6.114630458073037138e-06,1.270053355989004366e-06,1.353955238593370210e-06,2.096586474887195679e-06,1.525919430180723841e-06,9.491121082714719721e-07,2.193250879445676167e-06,1.613880144773123065e-06,1.012262184360330642e-06,1.365429774790440869e-06,2.397945752873002128e-07,1.593232087065362442e-06,1.975819582066064056e-07,1.412533369396567328e-06,4.743340021503533226e-07,3.608777360953340140e-08,1.715290989539342449e-06,1.200938412195103044e-06,0.000000000000000000e+00,1.841120666670246575e-07,5.677890991010043823e-07,0.000000000000000000e+00,1.663049562943350763e-06,0.000000000000000000e+00,6.820948215891535879e-08,1.669012813951143277e-06,1.108901748674121201e-06,1.482558191508844308e-06,5.699073545179198138e-07,1.470922342518742158e-06,1.440710593927940074e-06,1.539889687194413367e-06,4.713812393227944865e-07,nan,1.104836058472351450e-06,1.565725769199032503e-06,nan,nan,nan,nan,nan,nan,nan,nan,nan
5.529618584265484939e-07,7.096052398183998460e-07,9.641161330261555121e-07,8.210348200431877236e-07,8.331138654316250321e-07,7.945678186507961920e-07,9.326214482982185501e-07,1.034443624807002442e-06,9.937021945230261446e-07,8.287770293062039024e-07,8.529839584972432436e-07,7.729038659498382727e-07,1.270053355989004366e-06,1.416271028213506552e-06,9.765483756246403451e-07,1.234107592518760436e-06,9.683279595785251943e-07,6.162414310081252370e-07,1.328134049188437930e-06,9.402277871565037517e-07,6.289248632366058503e-07,8.687698515389773929e-07,1.512816442732619575e-07,9.669497301233364538e-07,1.443266702637823783e-07,9.204874040511410556e-07,3.870553936585217317e-07,1.189754607390248231e-10,1.078061838054164319e-06,7.186895466476765230e-07,0.000000000000000000e+00,1.330566792835005760e-07,4.182775388142782097e-07,0.000000000000000000e+00,1.118673682055750451e-06,0.000000000000000000e+00,2.345806529473350894e-09,1.066013637990245532e-06,6.462482399090544179e-07,1.013038433963629207e-06,3.452403472560746048e-07,1.005871536997238418e-06,9.843478378734278028e-07,9.823402906535394277e-07,3.302832152433122052e-07,nan,7.335338288657921269e-07,1.078036523670372709e-06,nan,nan,nan,nan,nan,nan,nan,nan,nan
5.753301952310295831e-07,7.246790029118734063e-07,1.039087569215924625e-06,8.446824313291706034e-07,8.642861810266350394e-07,8.550010840219296643e-07,9.809196614643570798e-07,1.085242587395562913e-06,1.035123067623013249e-06,8.608074815812205728e-07,9.215987503255151975e-07,8.557878534949784292e-07,1.353955238593370210e-06,9.765483756246403451e-07,1.401851697566303661e-06,1.317236616172784889e-06,1.017569113591408870e-06,6.865911132508553419e-07,1.385833233614645743e-06,1.009069630543187780e-06,6.918419725771535196e-07,9.717753445916360845e-07,1.673696876680302408e-07,1.061967035658994297e-06,1.422167774429361538e-07,1.020811556227928757e-06,3.643915040444667934e-07,1.786285845137654890e-08,1.129019087154350795e-06,7.761734877852037154e-07,0.000000000000000000e+00,1.559635989880219821e-07,4.488665195979380746e-07,0.000000000000000000e+00,1.150162409805064080e-06,0.000000000000000000e+00,7.796793050482240980e-09,1.134333964347522213e-06,6.587714195832510333e-07,1.037747154372743397e-06,3.943842464151710405e-07,1.023406972061770200e-06,9.886483861561368889e-07,9.996733152217523905e-07,3.701793088975659547e-07,nan,8.035823812583432038e-07,1.088559622297898000e-06,nan,nan,nan,nan,nan,nan,nan,nan,nan
8.121656009724243957e-07,9.937965687287240005e-07,1.340788463615686558e-06,1.145226413678664241e-06,1.176928156579505822e-06,1.083416846749181997e-06,1.395650458474997337e-06,1.542751103575145375e-06,1.408972256866548931e-06,1.225987430286102878e-06,1.360737273014021097e-06,1.166263500871520994e-06,2.096586474887195679e-06,1.234107592518760436e-06,1.317236616172784889e-06,4.528982217356070141e-06,1.403714766843420979e-06,9.357699014680854208e-07,2.281563360958505411e-06,1.590333428940176047e-06,9.971392753829245482e-07,1.374848478792565808e-06,2.431348201325553575e-07,1.557747689470496749e-06,2.105459986635341689e-07,1.425362955523088504e-06,4.956237123658200890e-07,-1.380582752481123544e-08,1.848333692885135222e-06,1.212569213883719706e-06,0.000000000000000000e+00,1.918277729627778644e-07,6.507366550345629195e-07,0.000000000000000000e+00,1.668318715396242645e-06,0.000000000000000000e+00,4.460879702464211818e-08,1.688164145284142124e-06,1.069389970485916881e-06,1.497561879911668507e-06,5.919257034528685580e-07,1.452588990116995104e-06,1.369833707651761338e-06,1.543885189498088521e-06,4.683454626266156359e-07,nan,1.210828292419647275e-06,1.642529899319198102e-06,nan,nan,nan,nan,nan,nan,nan,nan,nan
5.929093925830683093e-07,7.276869291087429934e-07,9.916930184648383910e-07,8.452206128239062916e-07,8.758044980641439573e-07,8.219421535036870186e-07,1.054975534652959951e-06,1.166864648443432846e-06,1.053387696946822737e-06,8.941843071328142205e-07,1.030079937960807742e-06,9.151619624484760138e-07,1.525919430180723841e-06,9.683279595785251943e-07,1.017569113591408870e-06,1.403714766843420979e-06,2.127046578461465144e-06,7.436327889633646617e-07,1.493943640893267729e-06,1.168126230303230755e-06,7.724313001524644942e-07,1.067697335322196225e-06,2.066221519555120340e-07,1.179118056831913332e-06,1.983479369311331577e-07,1.056795630953675471e-06,4.090952377202706659e-07,5.509623524750875587e-08,1.192382540203691508e-06,8.744803624289867934e-07,0.000000000000000000e+00,1.836230440342853824e-07,4.697166997381547928e-07,0.000000000000000000e+00,1.221864385250426120e-06,0.000000000000000000e+00,1.922565711805471352e-08,1.269255515264027748e-06,7.916814459559146981e-07,1.084924035220247865e-06,4.518338718718103581e-07,1.091072877782420846e-06,1.055315536966788063e-06,1.136581642651908907e-06,3.922902019201771692e-07,nan,9.517477740716372897e-07,1.150381245528362501e-06,nan,nan,nan,nan,nan,nan,nan,nan,nan
3.762400406133552172e-07,4.688338720794339161e-07,6.836104060566038852e-07,5.322404803626761625e-07,5.901711252809870349e-07,5.624026148382268350e-07,6.638021524748508782e-07,7.535878708860904995e-07,6.926323927597482373e-07,5.963784880017956223e-07,7.328512254686051999e-07,7.258900969997081754e-07,9.491121082714719721e-07,6.162414310081252370e-07,6.865911132508553419e-07,9.357699014680854208e-07,7.436327889633646617e-07,1.099693663770272091e-06,9.961964836973030794e-07,8.330933835968456136e-07,6.053646261799752987e-07,7.687266812855986049e-07,1.898004539620659716e-07,8.318970944602350059e-07,1.689842174895810393e-07,5.937208004230138544e-07,3.622042872647726931e-07,3.960089961034522314e-08,7.931019274883585168e-07,6.398565738529821060e-07,0.000000000000000000e+00,1.683780930006530034e-07,3.951660463301984975e-07,0.000000000000000000e+00,7.733795902146977082e-07,0.000000000000000000e+00,-1.053666673406705298e-09,8.400985666199357889e-07,5.547688754920659296e-07,6.812621819609034749e-07,3.885601580174292619e-07,7.717639141630997215e-07,6.803561521951567648e-07,7.566480067992931732e-07,3.432252349947354885e-07,nan,6.824745567839375217e-07,7.206172285163344034e-07,nan,nan,nan,nan,nan,nan,nan,nan,nan
8.583719220265890127e-07,1.073055554270243394e-06,1.391838161278410837e-06,1.195044530054439609e-06,1.252683682328084852e-06,1.164825573634200213e-06,1.469842486303615204e-06,1.609198616399487465e-06,1.486384406797654785e-06,1.292172988686609720e-06,1.431450732916432029e-06,1.234033569835429306e-06,2.193250879445676167e-06,1.328134049188437930e-06,1.385833233614645743e-06,2.281563360958505411e-06,1.493943640893267729e-06,9.961964836973030794e-07,4.081365406747843360e-06,1.667967712241769817e-06,1.033064449081612901e-06,1.415271444748841702e-06,2.575513832201907286e-07,1.737559366238789261e-06,2.290125099681744675e-07,1.479785247292068350e-06,6.349431833430269548e-07,3.368037521614975681e-08,1.933723640344556912e-06,1.271483401341189374e-06,0.000000000000000000e+00,2.162476094105628282e-07,6.312818617949570968e-07,0.000000000000000000e+00,1.765063644429920560e-06,0.000000000000000000e+00,-1.155094288258193079e-08,1.797106997650298946e-06,1.142284421486725015e-06,1.577989647323812226e-06,5.822405258236618819e-07,1.523604263074947186e-06,1.477071254422499955e-06,1.649051559575264706e-06,5.315906191133340469e-07,nan,1.202956626931062808e-06,1.705637482451978306e-06,nan,nan,nan,nan,nan,nan,nan,nan,nan
5.941134647619437065e-07,7.604734063598553303e-07,1.031758697903772939e-06,8.780182966270675794e-07,9.142633153291899220e-07,8.738300755821675886e-07,1.061727910837383502e-06,1.218965568822152128e-06,1.136471009200753392e-06,9.315879154676960178e-07,1.272988886320138062e-06,1.003132616603419413e-06,1.613880144773123065e-06,9.402277871565037517e-07,1.009069630543187780e-06,1.590333428940176047e-06,1.168126230303230755e-06,8.330933835968456136e-07,1.667967712241769817e-06,4.703032221233583315e-06,8.746119820267436999e-07,1.132984044646533608e-06,2.368239120056348093e-07,1.299680460472649549e-06,1.965386911813632813e-07,9.866956003665119385e-07,4.586734419544506534e-07,3.250577623065357791e-08,1.273028542934781024e-06,9.876767360379919480e-07,0.000000000000000000e+00,2.138606834685481861e-07,5.205598789394849836e-07,0.000000000000000000e+00,1.313572456761976060e-06,0.000000000000000000e+00,1.063054735019307868e-08,1.341371977161317714e-06,9.420125971039132608e-07,1.156501545557995506e-06,5.123259304503959942e-07,1.308113882379066916e-06,1.127567039350218461e-06,1.272234731571998769e-06,4.357366357593598282e-07,nan,1.063207095012975750e-06,1.411362762270689251e-06,nan,nan,nan,nan,nan,nan,nan,nan,nan
3.899961231338736001e-07,4.949441466362847592e-07,6.961935164823115566e-07,5.588301899233544069e-07,5.832585741633435922e-07,5.800370903015325359e-07,6.731799143682267711e-07,8.121191633455544793e-07,7.042353490372980119e-07,6.328797554420966157e-07,7.733110788828800436e-07,7.079384282624447812e-07,1.012262184360330642e-06,6.289248632366058503e-07,6.918419725771535196e-07,9.971392753829245482e-07,7.724313001524644942e-07,6.053646261799752987e-07,1.033064449081612901e-06,8.746119820267436999e-07,1.543445265854168031e-06,7.975717305134824269e-07,1.979373600027505176e-07,8.438447991184938300e-07,2.079219146550372395e-07,7.157783733011223256e-07,2.282892030433107092e-07,2.207510871192615843e-08,8.245750224872317054e-07,6.568470234406404187e-07,0.000000000000000000e+00,1.513426481555586340e-07,4.597043987924404953e-07,0.000000000000000000e+00,8.325857470049789097e-07,0.000000000000000000e+00,9.050994875133887507e-08,9.117144453611922990e-07,6.393265173233513464e-07,7.400930898413827482e-07,3.934687201565807681e-07,7.969642838701016608e-07,7.251636388315610216e-07,8.188571956442035536e-07,3.494690809941893210e-07,nan,8.021989056900704051e-07,7.559922641016973587e-07,nan,nan,nan,nan,nan,nan,nan,nan,nan
5.568187780501978658e-07,6.897323605770925540e-07,9.699650953160160723e-07,7.786299908122560987e-07,8.236941175133510854e-07,7.693838960509735122e-07,9.296037290555081206e-07,1.157441331308107630e-06,9.701325549002990037e-07,8.803285585031529289e-07,1.026129521309316369e-06,8.932207106571927816e-07,1.365429774790440869e-06,8.687698515389773929e-07,9.717753445916360845e-07,1.374848478792565808e-06,1.067697335322196225e-06,7.687266812855986049e-07,1.415271444748841702e-06,1.132984044646533608e-06,7.975717305134824269e-07,2.346974572314477307e-06,2.197416253438741208e-07,1.162904904311643239e-06,2.157751769473463062e-07,9.578466770749613375e-07,4.502444522777498227e-07,7.642509889520166873e-08,1.175564509781238946e-06,8.823437013769653728e-07,0.000000000000000000e+00,1.983251779315901066e-07,4.821281400612524656e-07,0.000000000000000000e+00,1.175751470738914236e-06,0.000000000000000000e+00,1.291801131277221516e-08,1.234853158987459089e-06,7.832142314768526879e-07,9.964212418581243937e-07,4.935916126217950140e-07,1.044154669861100350e-06,9.613730324133933966e-07,1.057158872348247970e-06,4.349738941755532168e-07,nan,9.877983385949095644e-07,1.088969074013147347e-06,nan,nan,nan,nan,nan,nan,nan,nan,nan
1.251861563746651225e-07,1.323007496783545984e-07,1.710263686904172936e-07,1.239484271938678220e-07,1.611308021549827683e-07,1.507483944779578165e-07,1.528666018017933908e-07,2.051541658318773059e-07,1.695771839854952915e-07,1.693666231926471811e-07,2.026164832743969033e-07,2.010372370617955682e-07,2.397945752873002128e-07,1.512816442732619575e-07,1.673696876680302408e-07,2.431348201325553575e-07,2.066221519555120340e-07,1.898004539620659716e-07,2.575513832201907286e-07,2.368239120056348093e-07,1.979373600027505176e-07,2.197416253438741208e-07,5.009180907869032643e-07,2.472983622055900220e-07,9.166668396635489980e-08,1.649153366150560531e-07,1.196734181390361668e-07,1.363735253415790375e-08,2.138257591988270060e-07,1.611490162768680062e-07,0.000000000000000000e+00,1.009237374751113646e-07,1.627668746805506171e-07,0.000000000000000000e+00,1.901727544931768596e-07,0.000000000000000000e+00,4.884340998129832086e-08,2.172589722902675811e-07,1.840094534908225245e-07,1.860313611467735971e-07,1.261223376477038611e-07,1.969029265353886637e-07,1.757501025145483435e-07,2.073468631090030981e-07,1.524107591171731116e-07,nan,2.818748754635768151e-07,1.706890812590170670e-07,nan,nan,nan,nan,nan,nan,nan,nan,nan
6.543162713011982170e-07,7.857890112180689596e-07,1.014376104428601329e-06,8.660916474326052834e-07,9.179416651677003251e-07,8.711712151755748936e-07,1.062919950048673235e-06,1.236111520232592048e-06,1.101980983207743874e-06,9.776569311493853960e-07,1.108936179949006753e-06,9.713609740448646057e-07,1.593232087065362442e-06,9.669497301233364538e-07,1.061967035658994297e-06,1.557747689470496749e-06,1.179118056831913332e-06,8.318970944602350059e-07,1.737559366238789261e-06,1.299680460472649549e-06,8.438447991184938300e-07,1.162904904311643239e-06,2.472983622055900220e-07,6.284422115882605146e-06,2.078377219570963076e-07,1.145682214676700508e-06,3.206054921707767339e-07,4.803793487133826839e-08,1.357663031433708377e-06,1.005538435710057691e-06,0.000000000000000000e+00,1.456740891015670754e-07,4.556989149038974078e-07,0.000000000000000000e+00,1.352719252557431475e-06,0.000000000000000000e+00,6.494465936840241941e-08,1.377671029500483394e-06,9.253951535336610993e-07,1.167791569542848888e-06,4.070276999144971928e-07,1.193324578971431890e-06,1.119647521199944831e-06,1.267770673197647074e-06,4.771665649056280467e-07,nan,1.241474318571112288e-06,1.349720568082613070e-06,nan,nan,nan,nan,nan,nan,nan,nan,nan
9.946135786955559735e-08,1.100323367275346939e-07,1.416572084960390600e-07,1.225772743683808899e-07,1.603519083539770432e-07,1.362353178309376938e-07,1.323032375981027255e-07,1.819329380286301954e-07,1.593845910626408057e-07,1.446689422824253069e-07,1.877512270975838347e-07,1.863966579613937751e-07,1.975819582066064056e-07,1.443266702637823783e-07,1.422167774429361538e-07,2.105459986635341689e-07,1.983479369311331577e-07,1.689842174895810393e-07,2.290125099681744675e-07,1.965386911813632813e-07,2.079219146550372395e-07,2.157751769473463062e-07,9.166668396635489980e-08,2.078377219570963076e-07,1.902773423236074502e-06,1.394440967649633082e-07,1.627547194558972366e-07,-1.167704453755774386e-08,1.941827937007297929e-07,1.616162596260400091e-07,0.000000000000000000e+00,8.287571100641678176e-08,1.619934874677009479e-07,0.000000000000000000e+00,1.708269700535628120e-07,0.000000000000000000e+00,5.247913344572554250e-09,2.240429683247609085e-07,1.469706569727416057e-07,1.676671343484848640e-07,1.693660519716042918e-07,1.739252447815458678e-07,1.663371806705346608e-07,2.076801396091058050e-07,1.343866910937951760e-07,nan,2.310463592932331135e-07,2.184103887566610032e-07,nan,nan,nan,nan,nan,nan,nan,nan,nan
6.281154634990718608e-07,7.759123615889961182e-07,1.029625399552316914e-06,8.731054340852738456e-07,8.812921228879165214e-07,8.220158451593167467e-07,1.062483042944325791e-06,1.190359917993651217e-06,1.061126487321718084e-06,9.350637008560812558e-07,9.060802832432967066e-07,7.795750424417655977e-07,1.412533369396567328e-06,9.204874040511410556e-07,1.020811556227928757e-06,1.425362955523088504e-06,1.056795630953675471e-06,5.937208004230138544e-07,1.479785247292068350e-06,9.866956003665119385e-07,7.157783733011223256e-07,9.578466770749613375e-07,1.649153366150560531e-07,1.145682214676700508e-06,1.394440967649633082e-07,7.389058120183476470e-06,5.865579299607517635e-07,3.301064588223758166e-08,1.217348925724496181e-06,8.204682039569937921e-07,0.000000000000000000e+00,1.379506953081285312e-07,4.732273064536769656e-07,0.000000000000000000e+00,1.265330311289414355e-06,0.000000000000000000e+00,-4.646484899803784256e-08,1.246404136976148097e-06,7.661676975395499237e-07,1.091697632210416273e-06,4.481694470679086709e-07,1.020736444515724783e-06,1.000172294151702382e-06,1.188656588620551387e-06,2.909802713260139876e-07,nan,7.801307095316184870e-07,1.280008582132452901e-06,nan,nan,nan,nan,nan,nan,nan,nan,nan
2.685896359037547181e-07,2.860945926312974383e-07,4.136507973025824902e-07,3.168397501016019362e-07,3.183687183931182806e-07,3.320038311634776586e-07,3.050992759715978403e-07,4.539828542437010893e-07,3.446573845372611437e-07,3.528579625555459509e-07,3.158451897597271745e-07,4.295241238528544176e-07,4.743340021503533226e-07,3.870553936585217317e-07,3.643915040444667934e-07,4.956237123658200890e-07,4.090952377202706659e-07,3.622042872647726931e-07,6.349431833430269548e-07,4.586734419544506534e-07,2.282892030433107092e-07,4.502444522777498227e-07,1.196734181390361668e-07,3.206054921707767339e-07,1.627547194558972366e-07,5.865579299607517635e-07,2.091771210392476688e-05,2.443021519729502030e-08,2.894851700566138118e-07,3.103835283596525091e-07,0.000000000000000000e+00,8.808325028733737431e-08,2.870704129163810183e-07,0.000000000000000000e+00,4.714556137448461337e-07,0.000000000000000000e+00,-5.677733890512519449e-08,4.772955005561367934e-07,3.796121341567219612e-07,4.013083863278483439e-07,3.178059164226307089e-07,4.446941795146116500e-07,3.492926367511891637e-07,4.462485322171319040e-07,2.865871745590320504e-07,nan,2.440739235331213501e-07,3.758537913305114169e-07,nan,nan,nan,nan,nan,nan,nan,nan,nan
1.978100575387885297e-08,2.348858483292199295e-08,1.629706043450047550e-08,6.754533419131751292e-08,2.639652843656201499e-08,2.318908427406572931e-08,3.358874340540352572e-08,1.940554307035951482e-08,2.356382662277283755e-08,1.569147586530150957e-08,3.275050689560252578e-08,5.973054697606282756e-08,3.608777360953340140e-08,1.189754607390248231e-10,1.786285845137654890e-08,-1.380582752481123544e-08,5.509623524750875587e-08,3.960089961034522314e-08,3.368037521614975681e-08,3.250577623065357791e-08,2.207510871192615843e-08,7.642509889520166873e-08,1.363735253415790375e-08,4.803793487133826839e-08,-1.167704453755774386e-08,3.301064588223758166e-08,2.443021519729502030e-08,3.465469884359908665e-06,7.032476352013797518e-08,5.593541702002556767e-08,0.000000000000000000e+00,5.035391281310563202e-08,3.018971708102033604e-08,0.000000000000000000e+00,2.717733156203372900e-08,0.000000000000000000e+00,7.014837391710154660e-10,5.750751306396033941e-08,1.314413846462776640e-08,3.218987223874140899e-08,2.726384807072744929e-08,8.057851448552043386e-09,1.091977674878225976e-08,-1.871919595892207513e-08,3.212479779855550098e-08,nan,3.993986785027257656e-08,1.266831174873063374e-07,nan,nan,nan,nan,nan,nan,nan,nan,nan
7.022969373509742842e-07,8.581703321355835589e-07,1.148871137210802292e-06,9.989067017033038835e-07,1.052767800951505551e-06,9.420872778618513217e-07,1.224444537599645293e-06,1.316121637191801523e-06,1.196706161649174439e-06,1.043736586405912169e-06,1.119588284924274627e-06,9.909369930751652296e-07,1.715290989539342449e-06,1.078061838054164319e-06,1.129019087154350795e-06,1.848333692885135222e-06,1.192382540203691508e-06,7.931019274883585168e-07,1.933723640344556912e-06,1.273028542934781024e-06,8.245750224872317054e-07,1.175564509781238946e-06,2.138257591988270060e-07,1.357663031433708377e-06,1.941827937007297929e-07,1.217348925724496181e-06,2.894851700566138118e-07,7.032476352013797518e-08,3.007594183425143181e-06,1.017997645560537887e-06,0.000000000000000000e+00,1.675930883253973538e-07,5.390380316877485528e-07,0.000000000000000000e+00,1.416494672647286545e-06,0.000000000000000000e+00,-7.991098169883493841e-09,1.402669828019320568e-06,8.971933785636851538e-07,1.283105197657740301e-06,5.041694622014562529e-07,1.243107255752661579e-06,1.187182304960737605e-06,1.299004132123302724e-06,4.340113415329139028e-07,nan,9.869379327362556337e-07,1.410795490571238866e-06,nan,nan,nan,nan,nan,nan,nan,nan,nan
4.678216047255922567e-07,5.626867675796799046e-07,8.187755818798053281e-07,6.604308204707665672e-07,7.326401157709859270e-07,6.417997192420582757e-07,8.071153709019590405e-07,9.016706730985579011e-07,8.076166722049078838e-07,7.278711642599386944e-07,8.852387702364177377e-07,7.491553971838022830e-07,1.200938412195103044e-06,7.186895466476765230e-07,7.761734877852037154e-07,1.212569213883719706e-06,8.744803624289867934e-07,6.398565738529821060e-07,1.271483401341189374e-06,9.876767360379919480e-07,6.568470234406404187e-07,8.823437013769653728e-07,1.611490162768680062e-07,1.005538435710057691e-06,1.616162596260400091e-07,8.204682039569937921e-07,3.103835283596525091e-07,5.593541702002556767e-08,1.017997645560537887e-06,4.269670220138617723e-06,0.000000000000000000e+00,1.528579695173712692e-07,3.757029809470506171e-07,0.000000000000000000e+00,9.361173538640634718e-07,0.000000000000000000e+00,9.336816313955462221e-08,1.037758507946180887e-06,7.392792404388288530e-07,8.500633463279038621e-07,4.560671993189792513e-07,8.821720971634695247e-07,8.297543193381960879e-07,8.642307817255955056e-07,3.804264718456338962e-07,nan,9.354745900791736774e-07,9.062256009120651817e-07,nan,nan,nan,nan,nan,nan,nan,nan,nan
0.000000000000000000e+00,0.000000000000000000e+00,0.000000000000000000e+00,0.000000000000000000e+00,0.000000000000000000e+00,0.000000000000000000e+00,0.000000000000000000e+00,0.000000000000000000e+00,0.000000000000000000e+00,0.000000000000000000e+00,0.000000000000000000e+00,0.000000000000000000e+00,0.000000000000000000e+00,0.000000000000000000e+00,0.000000000000000000e+00,0.000000000000000000e+00,0.000000000000000000e+00,0.000000000000000000e+00,0.000000000000000000e+00,0.000000000000000000e+00,0.000000000000000000e+00,0.000000000000000000e+00,0.000000000000000000e+00,0.000000000000000000e+00,0.000000000000000000e+00,0.000000000000000000e+00,0.000000000000000000e+00,0.000000000000000000e+00,0.000000000000000000e+00,0.000000000000000000e+00,0.000000000000000000e+00,0.000000000000000000e+00,0.000000000000000000e+00,0.000000000000000000e+00,0.000000000000000000e+00,0.000000000000000000e+00,0.000000000000000000e+00,0.000000000000000000e+00,0.000000000000000000e+00,0.000000000000000000e+00,0.000000000000000000e+00,0.000000000000000000e+00,0.000000000000000000e+00,0.000000000000000000e+00,0.000000000000000000e+00,nan,0.000000000000000000e+00,0.000000000000000000e+00,nan,nan,nan,nan,nan,nan,nan,nan,nan
1.003377335012750966e-07,1.057110541016253687e-07,1.497026479724760556e-07,1.147225634717103891e-07,1.286217215750601100e-07,1.242776338440573883e-07,1.315135603053661384e-07,1.910139252317435672e-07,1.491617823592651857e-07,1.436776257904512663e-07,1.593138909287660591e-07,1.747527148362649331e-07,1.841120666670246575e-07,1.330566792835005760e-07,1.559635989880219821e-07,1.918277729627778644e-07,1.836230440342853824e-07,1.683780930006530034e-07,2.162476094105628282e-07,2.138606834685481861e-07,1.513426481555586340e-07,1.983251779315901066e-07,1.009237374751113646e-07,1.456740891015670754e-07,8.287571100641678176e-08,1.379506953081285312e-07,8.808325028733737431e-08,5.035391281310563202e-08,1.675930883253973538e-07,1.528579695173712692e-07,0.000000000000000000e+00,5.754706548118747213e-07,1.374786021574946545e-07,0.000000000000000000e+00,1.669876848665143656e-07,0.000000000000000000e+00,-3.283626197092450997e-08,2.039265165420856161e-07,1.266725188021973599e-07,1.598393114404284618e-07,1.323205265947700303e-07,1.591443523540164593e-07,1.396725758619696615e-07,1.498640571806247396e-07,1.401767221096268116e-07,nan,2.190782107888694104e-07,1.651440851599570935e-07,nan,nan,nan,nan,nan,nan,nan,nan,nan
