7.278382408184249978e-07,5.915035389086254696e-07,5.594431360834879935e-07,5.482546987933564673e-07,9.495299586837724417e-07,5.866484240266363567e-07,4.941249827122794816e-07,5.745831992947037377e-07,8.013546735675553492e-07,4.632481268795648892e-07,6.692781323162694715e-07,4.105412797466523461e-07,6.423427499477695560e-07,6.739300603380967010e-07,6.125173910576981311e-07,8.551431539779238059e-07,5.294528530466294209e-07,5.046846465752215655e-07,8.975736197005826533e-07,7.420915129798115841e-07,4.385645648566922099e-07,5.025666763118566653e-07,3.301536626169467945e-07,7.067780191121131159e-07,1.392441276522506372e-07,5.854059871136470990e-07,1.040044900992869258e-07,2.701048458818711105e-07,9.515139888017694544e-07,5.340183508015645994e-07,4.450801893456021048e-07,3.531654656638278658e-07,3.018149971135675260e-07,6.490509795913842254e-07,7.269938842099186211e-07,0.000000000000000000e+00,0.000000000000000000e+00,5.275441660938731102e-07,4.935697039772916060e-07,8.812468849825368899e-07,5.491445963142852771e-07,7.018055703558156512e-07,5.873604666764430888e-07,5.992835358418954959e-07,2.993328886380917452e-07,1.210443571796362128e-07,4.855656312419488270e-07,7.451005585714377357e-07,4.952721766259247300e-08,7.400474817618182370e-07,7.949746427547810354e-07,8.779858528791731131e-07,2.565036255488245903e-07,7.423488710636189581e-07,2.310640197365617718e-07,5.597922703889937806e-07,5.464418023611640360e-07
5.915035389086254696e-07,8.850464624957511038e-07,7.070463234625711222e-07,7.089897441272988568e-07,1.130605102968262742e-06,7.475526319545145017e-07,6.295028920140667564e-07,7.539184248233255714e-07,1.008831662254358126e-06,5.864876984838493270e-07,7.811029383255789143e-07,4.818459631867634165e-07,8.035738638933483637e-07,8.752862622629815395e-07,7.776055699578736206e-07,8.663928379673193935e-07,6.698739204608310091e-07,5.944238949261786889e-07,9.815472647436188793e-07,9.000420560665083371e-07,4.884001814738428045e-07,5.588817617674713224e-07,2.190009980758169491e-07,7.838431236795462202e-07,8.255316006462463960e-08,6.178198169824881569e-07,1.063496715842839164e-07,2.141062950384800282e-07,1.067609952735530007e-06,6.222142569125892652e-07,4.814328288848567058e-07,2.841049958564125371e-07,3.159322457658772796e-07,7.514530527294169986e-07,9.127155464724723568e-07,0.000000000000000000e+00,0.000000000000000000e+00,6.074048567059230143e-07,5.917900739466934482e-07,1.120530241319846645e-06,6.223166664923958753e-07,8.858088521244910597e-07,7.584333178479160430e-07,7.425385873887959447e-07,2.528461818446338401e-07,8.293191331903713652e-08,5.722088598232620828e-07,9.186334431573786786e-07,6.442684305933963234e-08,8.258170280892487230e-07,8.196308625106152749e-07,9.914245383394795990e-07,2.777611587725558670e-07,8.996642755084326318e-07,2.308327663433335138e-07,6.229637781497573386e-07,6.213688043059501144e-07
5.594431360834879935e-07,7.070463234625711222e-07,1.962313587884202118e-06,1.095172866209810431e-06,1.762441134480128114e-06,1.077169082197990466e-06,8.799113881257681417e-07,8.883471145872298870e-07,1.261215781595241877e-06,6.942096330328935312e-07,9.626506587036464279e-07,7.713311645125559411e-07,1.151926835430948525e-06,1.514611691958208379e-06,1.393913758801863267e-06,8.894446406945423990e-07,8.815756548594785557e-07,9.387549019107497326e-07,1.155088983822205054e-06,1.151326284296056802e-06,6.179860378805983360e-07,7.658534066194506652e-07,2.635134493043328229e-07,1.074611051368692914e-06,9.235264202266108757e-08,8.281060467299186501e-07,1.375048921583010261e-07,2.423197196016815443e-07,1.312392093235177358e-06,1.039757878517803807e-06,6.774258110975174175e-07,2.654225130439927877e-07,3.778956423648152734e-07,8.512958990970731051e-07,1.188174776932795554e-06,0.000000000000000000e+00,0.000000000000000000e+00,7.459306928862963972e-07,9.558547210547534792e-07,1.223157207009994230e-06,6.263214437592684816e-07,1.011007353801950497e-06,9.807895231471643512e-07,9.212193939028206628e-07,2.732671772480407753e-07,1.194163949902376199e-07,6.413724932230042626e-07,9.875536313645821593e-07,7.102074019250277677e-08,9.665298428814032372e-07,9.314637196169556064e-07,1.321562699056502901e-06,2.742160202343160394e-07,1.142390296248168176e-06,2.622918814754589118e-07,1.004689333488439479e-06,7.891970027646182594e-07
5.482546987933564673e-07,7.089897441272988568e-07,1.095172866209810431e-06,1.803267256876274615e-06,1.672047792921261811e-06,9.931168289380601069e-07,8.538053360702018417e-07,9.467068695724328161e-07,1.209523234750109957e-06,6.735107024539836723e-07,9.787564619396386203e-07,7.152905101811562518e-07,1.162947262029847153e-06,1.374768201140462951e-06,1.239941215793339196e-06,8.920389899551792266e-07,8.921411512819483496e-07,8.485399288020467134e-07,1.201479595626141203e-06,1.078141348268028499e-06,6.822310645956102058e-07,8.055119299218132782e-07,2.439210543019478052e-07,1.234088645762656147e-06,9.456355538472122581e-08,7.724039933286672993e-07,1.003678382796553495e-07,2.029687090237055661e-07,1.209792496447335606e-06,1.025539965655412696e-06,6.014067771103084572e-07,2.515502875736670211e-07,3.475251253545439971e-07,9.059603599874311723e-07,1.137932357889812875e-06,0.000000000000000000e+00,0.000000000000000000e+00,7.676992371102063554e-07,9.893514508173021643e-07,1.250625226889233574e-06,6.332626761019402697e-07,1.021511083441081559e-06,9.422170360584361916e-07,9.022425413247048564e-07,2.734265727409106110e-07,1.469126304550057386e-07,6.844461899226887760e-07,1.012565615252843513e-06,1.573757053376007384e-07,1.016273760233184797e-06,8.972964800871301608e-07,1.516119767207029465e-06,2.519611874000672190e-07,1.160327167563236155e-06,2.653316921866973419e-07,8.727888573682168210e-07,8.338630889116592404e-07
9.495299586837724417e-07,1.130605102968262742e-06,1.762441134480128114e-06,1.672047792921261811e-06,8.296889040318664992e-06,1.520585237087968838e-06,1.362717278928062119e-06,1.452621870112176597e-06,2.067793930580402359e-06,1.110389090058508179e-06,1.634779706217255345e-06,1.039307644533287639e-06,1.777449296165682621e-06,1.983203028124020337e-06,1.752849325504276687e-06,1.370616846445231190e-06,1.319532291890985232e-06,1.272639374398625985e-06,2.000778285172418505e-06,1.940800913692511206e-06,9.567949609478389995e-07,1.120028169268971587e-06,4.490822511872673989e-07,1.829499892393950202e-06,1.014958260850962537e-07,1.512235957324059128e-06,2.029337000700407106e-07,3.370140132513608622e-07,2.040874669734283260e-06,1.304547666386306603e-06,9.081651736175819112e-07,4.778309857347207832e-07,5.169558265061239353e-07,1.470678102034868040e-06,1.871148103474797619e-06,0.000000000000000000e+00,0.000000000000000000e+00,1.313460508181376753e-06,1.422989201778824215e-06,1.970401425397414938e-06,1.089346389985248317e-06,1.787198180558793331e-06,1.410604411514059536e-06,1.560875153269325274e-06,4.484598001100207879e-07,9.127917602607623634e-08,1.114184203667350831e-06,1.581278727129905019e-06,2.455830475418833405e-07,1.798699730545907553e-06,1.806971952057587362e-06,2.278648002939450109e-06,4.775519935060626018e-07,1.767038021653182622e-06,3.821010301709031819e-07,1.439702644504990472e-06,1.463349219701303215e-06
5.866484240266363567e-07,7.475526319545145017e-07,1.077169082197990466e-06,9.931168289380601069e-07,1.520585237087968838e-06,1.421714709788583411e-06,8.603730543318424500e-07,8.755603355022110596e-07,1.271857627071586754e-06,6.939553400906345752e-07,9.457933650839322612e-07,7.140082803412357263e-07,1.110230007069259642e-06,1.342340078840729070e-06,1.242608176458886010e-06,9.127790863866527707e-07,8.666645174442137569e-07,8.711312957108768794e-07,1.220165384149533063e-06,1.117236240845893512e-06,6.116647918600703471e-07,7.785720472725168401e-07,2.679479795808841191e-07,1.056124825875743224e-06,9.476029739222245912e-08,8.067254377608598282e-07,1.370971297312095212e-07,2.277401538797853280e-07,1.347940425815458780e-06,9.322992011494004294e-07,6.111258328341179863e-07,2.823145569747099833e-07,3.520892030136098001e-07,9.418783039643318689e-07,1.179014163213840542e-06,0.000000000000000000e+00,0.000000000000000000e+00,7.377902063016390176e-07,8.933314823419491550e-07,1.296944455077102689e-06,6.887634496137915716e-07,1.036613998432858096e-06,9.300398697569719407e-07,9.403759463194305425e-07,2.939747699982417943e-07,1.096038924609245177e-07,6.416730958914716360e-07,1.018687192119955962e-06,9.320567526197068733e-08,9.804869042615204757e-07,9.561906337676905847e-07,1.320328048849054581e-06,2.734247675727151368e-07,1.093463152399845659e-06,2.655339827136769418e-07,9.094014289027388324e-07,7.408619240619329539e-07
4.941249827122794816e-07,6.295028920140667564e-07,8.799113881257681417e-07,8.538053360702018417e-07,1.362717278928062119e-06,8.603730543318424500e-07,1.147886436492400984e-06,7.562371015159553693e-07,1.140059991545181030e-06,6.128013136531153218e-07,9.241602236270760667e-07,6.583601910989617495e-07,1.024962218406821970e-06,1.140726313243698781e-06,1.005850302018366117e-06,8.922587138874003807e-07,7.968216622718115538e-07,7.580756446312292253e-07,1.124698279011246490e-06,1.038866389954830663e-06,5.000176103983285849e-07,7.046594415988361425e-07,2.529606445459220156e-07,1.018405514745377510e-06,1.073463405588135919e-07,7.054325160659779960e-07,1.453814554282878692e-07,2.455872484586845276e-07,1.219210334305540365e-06,8.205739015729037681e-07,5.465383099972750219e-07,2.480967461944298020e-07,3.205746060879154525e-07,9.054269561810542431e-07,1.034237379937605913e-06,0.000000000000000000e+00,0.000000000000000000e+00,6.948412813612967502e-07,8.296114590627975674e-07,1.214180909979654007e-06,6.511180038677838567e-07,9.530831592619245370e-07,8.050104399337829757e-07,8.671543313966822252e-07,2.328235213230980215e-07,1.457145718566527902e-07,6.561114509496255604e-07,9.157583628626045129e-07,7.131841713887051670e-08,9.528246312630533828e-07,9.094136367658691347e-07,1.242678125773852618e-06,2.429714951875494872e-07,1.028803146337281933e-06,2.367591325363798403e-07,9.279149535500009086e-07,7.609322317230107188e-07
5.745831992947037377e-07,7.539184248233255714e-07,8.883471145872298870e-07,9.467068695724328161e-07,1.452621870112176597e-06,8.755603355022110596e-07,7.562371015159553693e-07,1.288590775970939902e-05,1.097919351799129742e-06,7.724723724348823418e-07,9.880910836920725710e-07,7.393557519862750688e-07,1.139703704692016982e-06,1.201491843018115715e-06,1.009751593078953960e-06,4.715771896809310159e-07,8.882586592917033177e-07,9.004925521786677085e-07,7.669044403744485208e-07,1.105078327012841085e-06,2.574811092365359618e-07,2.401813726731399028e-06,2.436366519101424648e-07,5.222415134933786292e-06,1.548150165794117547e-07,9.767863681057061192e-07,1.695892484118426626e-07,2.140935872662734579e-07,6.158016805783921613e-07,1.299690566538720685e-06,5.725411382059234130e-07,2.259174790758832609e-07,4.892542534885244385e-07,1.221947961719541487e-06,1.233352468872392977e-06,0.000000000000000000e+00,0.000000000000000000e+00,8.200406181190116709e-07,1.003724924096500993e-06,1.211923160190834555e-06,1.017340224788910176e-06,1.031099586528210112e-06,9.240567053288636545e-07,9.405091044485029146e-07,4.482998848997126926e-07,4.237591813775790424e-07,7.604151559617506194e-07,1.041023069118417115e-06,-9.694591581641748010e-08,9.733152745193046688e-07,9.358798077156758467e-07,1.716996600300503557e-06,2.702347637783245178e-07,1.265051210716402901e-06,3.752861879103958884e-07,1.014818353980029387e-06,9.991395486891142291e-07
8.013546735675553492e-07,1.008831662254358126e-06,1.261215781595241877e-06,1.209523234750109957e-06,2.067793930580402359e-06,1.271857627071586754e-06,1.140059991545181030e-06,1.097919351799129742e-06,2.162281617963240944e-06,9.133603321766222588e-07,1.342474283538894063e-06,8.281726664192113425e-07,1.371382405098264429e-06,1.505894473632576295e-06,1.395464038503916642e-06,1.255716842996359353e-06,1.091087558640649975e-06,1.009301885109412278e-06,1.676403613747178595e-06,1.539300329704852593e-06,7.750446688427485780e-07,9.995764093963864365e-07,3.451689534492755134e-07,1.392315791172114337e-06,1.224469406807236449e-07,1.018915822759198919e-06,1.724204070592443419e-07,3.063482263045713002e-07,1.726891311987402048e-06,1.135703769086235365e-06,8.177604076400776842e-07,3.474249046458007078e-07,4.257310963831371887e-07,1.214122194379049136e-06,1.523257420234305838e-06,0.000000000000000000e+00,0.000000000000000000e+00,1.017412326484038483e-06,1.165109465983626963e-06,1.858645940631457212e-06,9.657367388833503218e-07,1.527246868059915870e-06,1.176252396191954365e-06,1.288373317419479624e-06,3.612289218506565173e-07,1.584552959003859742e-07,9.260547683204514586e-07,1.410611719999394208e-06,1.423301731861730477e-07,1.321086878020078688e-06,1.353860589168293106e-06,1.688372320737603247e-06,3.847968616844152209e-07,1.448265558305549948e-06,3.431177929631625430e-07,1.268699600661931740e-06,9.913752970953822762e-07
4.632481268795648892e-07,5.864876984838493270e-07,6.942096330328935312e-07,6.735107024539836723e-07,1.110389090058508179e-06,6.939553400906345752e-07,6.128013136531153218e-07,7.724723724348823418e-07,9.133603321766222588e-07,1.523125162989351510e-06,7.476620393002770949e-07,5.535592662614733791e-07,8.254766506032356643e-07,8.979986802042320285e-07,7.839777079553127191e-07,7.870630152106842385e-07,6.483201672997804133e-07,6.246965152497784617e-07,9.299752070306929246e-07,8.674984536092301999e-07,5.653567957970810806e-07,6.147285628661155120e-07,2.283015846805053184e-07,9.356803322058984743e-07,1.091942962062972102e-07,5.992018649784456661e-07,1.334799373767401226e-07,2.297071149766460844e-07,1.051615899258597454e-06,7.195354150937467352e-07,5.057245974608510963e-07,3.062961391902332303e-07,3.026666350864263375e-07,8.323279115600609194e-07,9.005016428413790263e-07,0.000000000000000000e+00,0.000000000000000000e+00,6.588421790173424224e-07,6.983636643339873853e-07,9.986234690573786094e-07,5.318725719057162035e-07,8.454201117715188895e-07,7.026878337401013657e-07,7.239153365622863136e-07,2.655749680011803244e-07,1.342990273141561779e-07,5.965979085073404060e-07,7.905481414688323405e-07,1.224960834647223208e-07,8.009026588031452439e-07,7.872774563303563250e-07,1.076348726884135436e-06,2.409759549264626862e-07,8.942008831895222193e-07,2.181434835283828865e-07,7.465118901696311650e-07,7.256980378597708069e-07
6.692781323162694715e-07,7.811029383255789143e-07,9.626506587036464279e-07,9.787564619396386203e-07,1.634779706217255345e-06,9.457933650839322612e-07,9.241602236270760667e-07,9.880910836920725710e-07,1.342474283538894063e-06,7.476620393002770949e-07,1.982386343424911935e-06,6.896888798353692378e-07,1.191515111147796468e-06,1.220619536029341372e-06,1.081468375332970865e-06,1.088300237534272950e-06,9.039516812496339514e-07,8.415640867736299971e-07,1.446366962206567875e-06,1.297178939878824412e-06,6.484144283648228502e-07,8.340557676938860447e-07,2.804962434561194936e-07,1.311321276711574104e-06,1.212501235878648470e-07,9.305400620911314076e-07,1.344926121046697215e-07,2.678075144682674433e-07,1.444682848626256296e-06,9.989405292722355787e-07,6.539948377835193646e-07,2.972547821314188299e-07,3.453666879381425914e-07,1.096781852088663650e-06,1.218413882507014668e-06,0.000000000000000000e+00,0.000000000000000000e+00,8.398590628628061201e-07,9.660541612162055877e-07,1.490154283842001371e-06,8.526647428318502087e-07,1.171532585311414696e-06,9.406533040595702027e-07,1.003257922954341465e-06,3.276032115301088432e-07,1.720473174557439767e-07,9.189033261216770216e-07,1.168050759673614473e-06,1.096718131229358482e-07,1.127850070978463205e-06,1.215534167370012798e-06,1.486267784715148318e-06,3.034176370570473556e-07,1.215848886522407313e-06,2.887401205650856845e-07,1.070551950062803410e-06,8.701338760990815747e-07
4.105412797466523461e-07,4.818459631867634165e-07,7.713311645125559411e-07,7.152905101811562518e-07,1.039307644533287639e-06,7.140082803412357263e-07,6.583601910989617495e-07,7.393557519862750688e-07,8.281726664192113425e-07,5.535592662614733791e-07,6.896888798353692378e-07,1.188626459819406851e-06,8.950081147000863955e-07,1.051260026658161799e-06,9.249482744382893831e-07,7.627755143747413894e-07,6.935282410348702972e-07,8.729003082230502383e-07,8.210911967913290959e-07,7.827052808906783611e-07,5.462944859854968611e-07,7.010224989054363145e-07,2.666029642041339578e-07,8.331571367761621945e-07,1.326210813311774246e-07,5.790724146732098007e-07,1.517808979067420182e-07,2.110710975900892671e-07,1.007897734097573065e-06,8.411295702118185785e-07,5.209385542838169712e-07,2.833128097900787025e-07,3.354105116551102215e-07,8.262525024595902309e-07,8.917900707879358384e-07,0.000000000000000000e+00,0.000000000000000000e+00,6.368798693935738827e-07,7.505070989536631421e-07,8.270020310591969516e-07,4.961064878385083302e-07,7.337599260019461345e-07,7.006763827004193821e-07,6.319557546375671575e-07,2.779327128042538052e-07,1.347304019387522836e-07,5.748724889410890054e-07,7.422640033460439215e-07,1.049857230101613900e-07,8.538604678262741259e-07,7.500587035042350486e-07,9.956997918620214452e-07,2.301122367780305450e-07,8.734823136694296033e-07,2.085727777165440899e-07,7.875154349831657075e-07,7.805872408087321000e-07
6.423427499477695560e-07,8.035738638933483637e-07,1.151926835430948525e-06,1.162947262029847153e-06,1.777449296165682621e-06,1.110230007069259642e-06,1.024962218406821970e-06,1.139703704692016982e-06,1.371382405098264429e-06,8.254766506032356643e-07,1.191515111147796468e-06,8.950081147000863955e-07,2.603872168193513159e-06,1.556260964986147617e-06,1.387305679649918211e-06,1.191700400957835583e-06,1.079521067821712248e-06,1.000288608225380166e-06,1.458982688422682797e-06,1.342009034676361500e-06,7.627141089831811630e-07,9.193532519275249770e-07,2.904340358057834616e-07,1.484247772722501300e-06,1.201517436932072082e-07,1.118691195389828823e-06,1.890761825022083658e-07,2.828520413591721059e-07,1.606886651859082824e-06,1.209176006006765672e-06,7.012750845209340488e-07,3.332529057301311765e-07,4.094661637781554880e-07,1.170709491846958923e-06,1.362307674006963412e-06,0.000000000000000000e+00,0.000000000000000000e+00,9.267224885956223470e-07,1.226482642660537002e-06,1.432453307151437392e-06,8.472399170633693654e-07,1.212115962886082325e-06,1.066563929749186244e-06,1.072002292211677259e-06,3.093777836179066039e-07,2.406781835197865674e-07,8.423116422413499190e-07,1.232878163350185409e-06,1.327454415903103107e-07,1.282712813746880423e-06,1.251159886754813239e-06,1.776828504412818589e-06,3.182337278050241679e-07,1.487020927283737308e-06,3.093855817757982744e-07,1.181971303577808876e-06,9.808594663705486761e-07
6.739300603380967010e-07,8.752862622629815395e-07,1.514611691958208379e-06,1.374768201140462951e-06,1.983203028124020337e-06,1.342340078840729070e-06,1.140726313243698781e-06,1.201491843018115715e-06,1.505894473632576295e-06,8.979986802042320285e-07,1.220619536029341372e-06,1.051260026658161799e-06,1.556260964986147617e-06,2.822061795057428893e-06,1.813117264512827204e-06,9.661140945800365567e-07,1.104146729622443157e-06,1.314098366339871384e-06,1.287611837913276238e-06,1.366223373317063829e-06,7.830225609206688583e-07,1.014866435644922118e-06,3.362627471862179504e-07,1.435907949176590087e-06,1.181215112843836790e-07,9.265681331736512520e-07,1.983739055680398552e-07,3.209004108452479575e-07,1.669971478709739050e-06,1.549829995642816728e-06,7.474122876998053116e-07,3.179121404712755262e-07,4.598364970342595366e-07,1.165259226114188927e-06,1.524899271814278189e-06,0.000000000000000000e+00,0.000000000000000000e+00,9.429942247348553170e-07,1.262673222330562077e-06,1.481016623590047534e-06,8.388840810865716233e-07,1.261952314593124204e-06,1.180952880026679382e-06,1.152140952331023921e-06,3.434825729927118296e-07,2.197216220424010853e-07,8.134547698435846328e-07,1.212504252426819059e-06,5.483904168805009289e-08,1.285056505217900994e-06,1.112349047636492388e-06,1.876191930458245970e-06,2.985071956001530518e-07,1.375224079132739567e-06,3.203899297316282348e-07,1.292128055346778362e-06,1.018100834404708847e-06
6.125173910576981311e-07,7.776055699578736206e-07,1.393913758801863267e-06,1.239941215793339196e-06,1.752849325504276687e-06,1.242608176458886010e-06,1.005850302018366117e-06,1.009751593078953960e-06,1.395464038503916642e-06,7.839777079553127191e-07,1.081468375332970865e-06,9.249482744382893831e-07,1.387305679649918211e-06,1.813117264512827204e-06,1.970611197035594114e-06,1.067441311451333644e-06,1.032865613947548631e-06,1.151909472535627412e-06,1.313702024261066302e-06,1.250465395228221882e-06,7.139414146174999821e-07,9.493441399165839693e-07,3.021658278675764758e-07,1.261231989295496325e-06,1.030459844480392056e-07,9.075954850289261033e-07,1.716016093711827429e-07,2.674907900459523600e-07,1.563293356785623445e-06,1.259843448142437111e-06,7.043917125535503110e-07,3.098260659573356244e-07,4.221896073208357527e-07,1.076220221572275939e-06,1.328630615409836323e-06,0.000000000000000000e+00,0.000000000000000000e+00,8.684217597061325816e-07,1.112143186229079711e-06,1.335709508835465180e-06,7.437314679907274059e-07,1.110705938650675205e-06,1.101710105789040513e-06,1.058126012545387996e-06,3.278393162333886093e-07,1.733936756956338379e-07,7.272225658390813295e-07,1.116531724428914734e-06,9.876334113086180117e-08,1.095177897528485334e-06,1.036501667722044510e-06,1.586222129787266798e-06,2.990432668391212345e-07,1.258271802727090411e-06,3.120128568570989113e-07,1.155105868294274140e-06,9.146909610262982939e-07
8.551431539779238059e-07,8.663928379673193935e-07,8.894446406945423990e-07,8.920389899551792266e-07,1.370616846445231190e-06,9.127790863866527707e-07,8.922587138874003807e-07,4.715771896809310159e-07,1.255716842996359353e-06,7.870630152106842385e-07,1.088300237534272950e-06,7.627755143747413894e-07,1.191700400957835583e-06,9.661140945800365567e-07,1.067441311451333644e-06,6.044081137224030671e-05,8.668718973916755840e-07,9.082617651748711745e-07,5.597383974096163301e-06,1.254149902003075741e-06,4.761062836932188884e-06,9.421106158634820270e-07,4.865055470599945232e-07,6.612910398349413645e-07,2.853831336219933012e-07,6.986835314545607117e-07,8.122321764727354605e-08,3.083360648921018593e-07,5.321369540780460005e-06,6.422987802260020445e-07,6.481663907261362992e-07,8.698378902074360738e-07,3.455603055682305438e-07,1.138726725542772848e-06,1.178648422270464108e-06,0.000000000000000000e+00,0.000000000000000000e+00,9.416866273737548800e-07,1.192934647041276602e-06,1.066096734867827032e-06,9.618992508467209048e-07,1.114512819888421413e-06,8.401408319918384188e-07,1.046383549262070498e-06,3.452632744118181288e-07,5.724346467384640922e-07,8.597395139491238975e-07,8.933347277688233917e-07,2.405510024524793377e-07,1.239054646359770825e-06,1.259644689362397525e-06,1.550432095524541958e-06,4.184591685008942593e-07,1.475087838898874541e-06,4.773756566940216024e-07,1.167305635272273695e-06,1.188741865971650001e-06
5.294528530466294209e-07,6.698739204608310091e-07,8.815756548594785557e-07,8.921411512819483496e-07,1.319532291890985232e-06,8.666645174442137569e-07,7.968216622718115538e-07,8.882586592917033177e-07,1.091087558640649975e-06,6.483201672997804133e-07,9.039516812496339514e-07,6.935282410348702972e-07,1.079521067821712248e-06,1.104146729622443157e-06,1.032865613947548631e-06,8.668718973916755840e-07,2.460937865019172217e-06,8.027967121666506614e-07,1.131778441988628212e-06,1.069547559532789578e-06,4.914433037705239843e-07,8.414317183251326138e-07,2.662572619376444758e-07,1.154870055403819839e-06,1.292093787851270121e-07,6.368365780790737067e-07,1.341381426992400896e-07,2.835210795906032352e-07,1.171978945819216307e-06,9.006555794534074423e-07,5.914216671300711171e-07,3.064725371894266454e-07,3.600553580803875613e-07,9.388829858850260036e-07,1.061769968823185212e-06,0.000000000000000000e+00,0.000000000000000000e+00,7.864451188546086810e-07,8.579958991864561250e-07,1.155434634753951059e-06,7.148553590991425427e-07,9.961937388062966273e-07,8.787330941505338828e-07,8.722632027533881858e-07,2.908800838343700741e-07,1.670655222650709224e-07,7.156936373942714795e-07,9.787192931983334476e-07,4.975122792245985098e-08,1.007594141588207549e-06,1.060871610884405748e-06,1.361047239051897621e-06,2.630146028567948318e-07,1.114023880772194475e-06,2.516293410195425612e-07,8.815901467609309845e-07,8.229163634237001226e-07
5.046846465752215655e-07,5.944238949261786889e-07,9.387549019107497326e-07,8.485399288020467134e-07,1.272639374398625985e-06,8.711312957108768794e-07,7.580756446312292253e-07,9.004925521786677085e-07,1.009301885109412278e-06,6.246965152497784617e-07,8.415640867736299971e-07,8.729003082230502383e-07,1.000288608225380166e-06,1.314098366339871384e-06,1.151909472535627412e-06,9.082617651748711745e-07,8.027967121666506614e-07,2.754618392090345457e-06,9.992539245090660050e-07,9.465450731355377487e-07,5.339441162042173446e-07,7.335827451037228239e-07,2.762853068109687861e-07,1.146494348701121769e-06,6.150207516549914491e-08,7.489470063778738765e-07,1.858504409338552748e-07,2.633809795944264649e-07,1.249772686458508360e-06,1.248522949392312960e-06,5.554552423006474336e-07,3.488616499325916010e-07,3.700773640512843602e-07,9.302228735127388680e-07,1.014796757908309636e-06,0.000000000000000000e+00,0.000000000000000000e+00,7.438448819409661943e-07,8.936570296700644636e-07,1.024072819860168145e-06,5.928868381688575815e-07,8.685228822073798406e-07,8.183915581538219758e-07,8.270353706341481162e-07,3.376371826846561419e-07,2.565632246501972186e-07,6.419453099080883307e-07,8.451671427262643653e-07,6.689554137116400904e-08,1.151381283969203764e-06,8.833747388960752382e-07,1.328023003855186424e-06,2.613774318943512520e-07,1.101672169437431661e-06,2.557629992689599947e-07,8.577569455192502101e-07,8.015754241724768512e-07
8.975736197005826533e-07,9.815472647436188793e-07,1.155088983822205054e-06,1.201479595626141203e-06,2.000778285172418505e-06,1.220165384149533063e-06,1.124698279011246490e-06,7.669044403744485208e-07,1.676403613747178595e-06,9.299752070306929246e-07,1.446366962206567875e-06,8.210911967913290959e-07,1.458982688422682797e-06,1.287611837913276238e-06,1.313702024261066302e-06,5.597383974096163301e-06,1.131778441988628212e-06,9.992539245090660050e-07,1.543162796656588132e-05,1.718481276700752888e-06,2.077468775406195851e-06,7.413014347528896965e-07,4.441734663309216502e-07,7.116338508321513891e-07,2.368926003831024214e-07,9.272982774520151042e-07,1.555699056772143645e-07,3.021288128235619800e-07,4.178902158652330054e-06,1.129390805686413622e-06,7.897779699152376943e-07,6.346362741542174959e-07,4.339019560110827800e-07,1.471049345418583076e-06,1.601273733995043623e-06,0.000000000000000000e+00,0.000000000000000000e+00,1.142784277119512666e-06,1.246412951163826667e-06,1.987167579997668894e-06,1.048989270114943295e-06,1.450537072589407172e-06,1.156069851278795221e-06,1.391692746099585556e-06,4.445667570585792684e-07,3.524919196694344124e-07,1.093388402137147603e-06,1.427289577512981435e-06,2.181621062973696624e-07,1.354699194305402562e-06,1.670121698477480143e-06,2.348796132024562063e-06,4.497546014770077968e-07,1.673972164680123003e-06,3.473415323591526476e-07,1.399559227446090665e-06,1.223496010576635198e-06
7.420915129798115841e-07,9.000420560665083371e-07,1.151326284296056802e-06,1.078141348268028499e-06,1.940800913692511206e-06,1.117236240845893512e-06,1.038866389954830663e-06,1.105078327012841085e-06,1.539300329704852593e-06,8.674984536092301999e-07,1.297178939878824412e-06,7.827052808906783611e-07,1.342009034676361500e-06,1.366223373317063829e-06,1.250465395228221882e-06,1.254149902003075741e-06,1.069547559532789578e-06,9.465450731355377487e-07,1.718481276700752888e-06,3.117790080823817091e-06,7.773493277118542740e-07,9.070026392590190750e-07,3.509504407466179960e-07,1.357280338050588351e-06,1.365632831916749509e-07,8.698593647952500157e-07,1.565409669840220582e-07,2.822871136380432159e-07,1.631417939416545943e-06,1.094983267801857154e-06,7.685961029636379199e-07,3.577760218660965723e-07,4.103378755648849238e-07,1.124874517925024367e-06,1.412061993618250496e-06,0.000000000000000000e+00,0.000000000000000000e+00,9.577663655344862886e-07,1.120377903360049030e-06,1.683147561240031641e-06,8.954570745681743218e-07,1.410563727150416660e-06,1.092653573930239082e-06,1.180850738006019883e-06,3.665776635023521433e-07,1.803607013635044641e-07,9.367921499924955825e-07,1.367356697303390439e-06,1.584348084756026411e-07,1.340587533406802727e-06,1.400111735579985961e-06,1.717607087522029430e-06,3.599018193705610532e-07,1.334649377349958829e-06,3.326206696968061101e-07,1.158437193956827182e-06,1.005390771744499208e-06
4.385645648566922099e-07,4.884001814738428045e-07,6.179860378805983360e-07,6.822310645956102058e-07,9.567949609478389995e-07,6.116647918600703471e-07,5.000176103983285849e-07,2.574811092365359618e-07,7.750446688427485780e-07,5.653567957970810806e-07,6.484144283648228502e-07,5.462944859854968611e-07,7.627141089831811630e-07,7.830225609206688583e-07,7.139414146174999821e-07,4.761062836932188884e-06,4.914433037705239843e-07,5.339441162042173446e-07,2.077468775406195851e-06,7.773493277118542740e-07,1.473941285403279299e-05,5.931825274411298124e-07,2.163892383594207586e-07,5.598570661691013760e-07,9.874583973037035949e-08,4.486315281812696020e-07,7.724398939682682263e-08,9.958050684942237904e-08,2.767318366481113955e-06,7.598914415939037120e-07,4.993557133913666029e-07,1.718301122290933816e-07,2.965635770940404652e-07,8.695650286939758808e-07,8.778739421358369975e-07,0.000000000000000000e+00,0.000000000000000000e+00,7.025882274992454749e-07,7.933148657901165884e-07,8.446389807067453163e-07,4.506084621341353061e-07,6.798994508418090404e-07,6.112172351707255441e-07,6.986868581226073335e-07,2.714439371766646444e-07,4.157978006548151826e-08,6.020403194623126494e-07,6.970846688911584254e-07,1.590302190412612138e-07,8.733350247359501472e-07,8.120168487363427238e-07,1.396788848879811752e-06,3.172632448787636337e-07,1.008034879843025553e-06,3.028777733784827406e-07,7.867278839006498694e-07,8.127334454861900845e-07
5.025666763118566653e-07,5.588817617674713224e-07,7.658534066194506652e-07,8.055119299218132782e-07,1.120028169268971587e-06,7.785720472725168401e-07,7.046594415988361425e-07,2.401813726731399028e-06,9.995764093963864365e-07,6.147285628661155120e-07,8.340557676938860447e-07,7.010224989054363145e-07,9.193532519275249770e-07,1.014866435644922118e-06,9.493441399165839693e-07,9.421106158634820270e-07,8.414317183251326138e-07,7.335827451037228239e-07,7.413014347528896965e-07,9.070026392590190750e-07,5.931825274411298124e-07,6.669541682626191611e-06,3.503515397776519307e-07,2.114557142483834337e-06,2.942977679449658191e-07,9.073547366456920605e-07,1.339178788849209454e-07,3.244497769366454381e-07,1.496972299415848938e-06,1.176156562753522880e-06,4.763491821061402142e-07,2.662078476200553529e-07,3.643252926874547478e-07,9.535177250706608489e-07,9.429928285860274112e-07,0.000000000000000000e+00,0.000000000000000000e+00,7.873500028010113974e-07,1.173001099292118262e-06,1.057538032873480003e-06,9.271890857762189769e-07,8.312605189292287266e-07,7.426478830910580995e-07,8.746224979376425345e-07,3.678473220378787592e-07,5.602844848017355294e-07,6.114003125311599111e-07,7.984074906666694716e-07,-8.287594930294127805e-09,1.357374461199847809e-06,9.011889419035713989e-07,1.683847032822933815e-06,2.186412523485753856e-07,1.009646236071210109e-06,2.739540407610274771e-07,9.334331572720226508e-07,8.414556037289910745e-07
3.301536626169467945e-07,2.190009980758169491e-07,2.635134493043328229e-07,2.439210543019478052e-07,4.490822511872673989e-07,2.679479795808841191e-07,2.529606445459220156e-07,2.436366519101424648e-07,3.451689534492755134e-07,2.283015846805053184e-07,2.804962434561194936e-07,2.666029642041339578e-07,2.904340358057834616e-07,3.362627471862179504e-07,3.021658278675764758e-07,4.865055470599945232e-07,2.662572619376444758e-07,2.762853068109687861e-07,4.441734663309216502e-07,3.509504407466179960e-07,2.163892383594207586e-07,3.503515397776519307e-07,7.413151379800640891e-07,3.249023854063860001e-07,1.439204769120388751e-07,2.639186279239752423e-07,7.282933917742408260e-08,2.342620330169594500e-07,4.409506746288871268e-07,3.409175154170675321e-07,2.789257420477748117e-07,3.097919410578564498e-07,1.884242074286718637e-07,3.329988822263304841e-07,3.440326792577424060e-07,0.000000000000000000e+00,0.000000000000000000e+00,2.834771168452659986e-07,3.083202195039111742e-07,3.501989482681292271e-07,2.584429342720309629e-07,2.722467480390109775e-07,2.711225223518561083e-07,2.683958950773590753e-07,2.067340286110548083e-07,1.592242162210497511e-07,2.533384463134399811e-07,2.938793163195912373e-07,3.430429271743380383e-08,3.368083642616267235e-07,4.832381004101526441e-07,4.904707066840837571e-07,1.448596090727147867e-07,3.498493291584121288e-07,1.337340628612962789e-07,3.676591035036638693e-07,3.445117078010299566e-07
7.067780191121131159e-07,7.838431236795462202e-07,1.074611051368692914e-06,1.234088645762656147e-06,1.829499892393950202e-06,1.056124825875743224e-06,1.018405514745377510e-06,5.222415134933786292e-06,1.392315791172114337e-06,9.356803322058984743e-07,1.311321276711574104e-06,8.331571367761621945e-07,1.484247772722501300e-06,1.435907949176590087e-06,1.261231989295496325e-06,6.612910398349413645e-07,1.154870055403819839e-06,1.146494348701121769e-06,7.116338508321513891e-07,1.357280338050588351e-06,5.598570661691013760e-07,2.114557142483834337e-06,3.249023854063860001e-07,2.688031907058493881e-05,-2.357416041754927664e-08,1.430998781558293459e-06,1.733784617822345666e-07,3.072517933890165512e-07,1.318964111721663531e-06,1.304490978425985632e-06,5.733361541687279530e-07,4.090502476681108652e-07,4.420231570453566033e-07,1.182377601370735796e-06,1.458079453756958794e-06,0.000000000000000000e+00,0.000000000000000000e+00,1.216461376258042437e-06,1.531226051300395579e-06,1.462745041140136522e-06,1.058875660824553695e-06,1.276938496620620930e-06,1.046062820213699474e-06,1.134283010775409406e-06,4.802866221497634156e-07,4.197403738375665087e-07,9.649120360902249996e-07,1.144127221731499499e-06,5.848978713997705628e-08,2.182408271342967975e-06,2.548101259511115159e-06,2.208286516155703182e-06,4.573777055099995663e-07,1.431888874841660943e-06,5.161248893814840439e-07,1.214952249988015774e-06,1.187612997360771129e-06
1.392441276522506372e-07,8.255316006462463960e-08,9.235264202266108757e-08,9.456355538472122581e-08,1.014958260850962537e-07,9.476029739222245912e-08,1.073463405588135919e-07,1.548150165794117547e-07,1.224469406807236449e-07,1.091942962062972102e-07,1.212501235878648470e-07,1.326210813311774246e-07,1.201517436932072082e-07,1.181215112843836790e-07,1.030459844480392056e-07,2.853831336219933012e-07,1.292093787851270121e-07,6.150207516549914491e-08,2.368926003831024214e-07,1.365632831916749509e-07,9.874583973037035949e-08,2.942977679449658191e-07,1.439204769120388751e-07,-2.357416041754927664e-08,3.364941682492431042e-06,1.201455435332784498e-07,5.258201672518445770e-08,7.109943438757013537e-08,3.865758053776403098e-07,9.033378514385623208e-08,1.335576118109393669e-07,2.001496220670121191e-07,1.163708831878185738e-07,1.458804891183434534e-07,1.671492685016904177e-07,0.000000000000000000e+00,0.000000000000000000e+00,1.154087169747798095e-07,1.870895900779836878e-07,1.247240220835490265e-07,1.150818018483648972e-07,1.224326955361122727e-07,1.083098850474016725e-07,6.977544742497712371e-08,1.018859340330339032e-07,1.002580751535207422e-07,1.583656586133298671e-07,1.403757774282721906e-07,-7.321199626735900754e-08,1.366400799703134642e-07,3.265977605427044387e-08,2.854048766083409757e-07,1.024569946277018854e-07,1.831409359656727636e-07,7.203319048083072795e-08,2.246863566122957376e-07,1.706632078842945957e-07
5.854059871136470990e-07,6.178198169824881569e-07,8.281060467299186501e-07,7.724039933286672993e-07,1.512235957324059128e-06,8.067254377608598282e-07,7.054325160659779960e-07,9.767863681057061192e-07,1.018915822759198919e-06,5.992018649784456661e-07,9.305400620911314076e-07,5.790724146732098007e-07,1.118691195389828823e-06,9.265681331736512520e-07,9.075954850289261033e-07,6.986835314545607117e-07,6.368365780790737067e-07,7.489470063778738765e-07,9.272982774520151042e-07,8.698593647952500157e-07,4.486315281812696020e-07,9.073547366456920605e-07,2.639186279239752423e-07,1.430998781558293459e-06,1.201455435332784498e-07,3.535511989451576605e-05,1.238174134040814802e-07,2.799484707973383423e-07,1.479609201168293600e-06,7.886815368757984032e-07,4.871038031593248779e-07,3.470023898847940011e-07,3.552315413318003451e-07,1.300720049012084707e-06,1.074926991485603401e-06,0.000000000000000000e+00,0.000000000000000000e+00,8.760600231694664129e-07,1.193264406237142253e-06,1.065440862505227830e-06,6.422080647055827825e-07,9.468332692220723074e-07,8.225568191434392362e-07,9.348154798335469789e-07,3.600281957471803017e-07,4.156575997854550052e-07,7.765529292008482797e-07,1.032477405693516009e-06,-1.405593032911755121e-07,1.350699929292744432e-06,1.155867104474195424e-06,1.375252607938725022e-06,3.935671807554139833e-07,1.260995602619113120e-06,3.804405016908502377e-07,1.065100560912183011e-06,9.675192416622995848e-07
1.040044900992869258e-07,1.063496715842839164e-07,1.375048921583010261e-07,1.003678382796553495e-07,2.029337000700407106e-07,1.370971297312095212e-07,1.453814554282878692e-07,1.695892484118426626e-07,1.724204070592443419e-07,1.334799373767401226e-07,1.344926121046697215e-07,1.517808979067420182e-07,1.890761825022083658e-07,1.983739055680398552e-07,1.716016093711827429e-07,8.122321764727354605e-08,1.341381426992400896e-07,1.858504409338552748e-07,1.555699056772143645e-07,1.565409669840220582e-07,7.724398939682682263e-08,1.339178788849209454e-07,7.282933917742408260e-08,1.733784617822345666e-07,5.258201672518445770e-08,1.238174134040814802e-07,9.027873483834516178e-07,3.327335847590118442e-08,1.727846115446981555e-07,2.136791354335466445e-07,1.027651975818955749e-07,1.136779026621906737e-07,1.089127974388325188e-07,2.224177676264197241e-07,1.583125593280993615e-07,0.000000000000000000e+00,0.000000000000000000e+00,1.655645754994843249e-07,1.756489736806044940e-07,1.580083218530092089e-07,1.303834652532332609e-07,1.342114597166052066e-07,1.183237732130196459e-07,1.364981954531600344e-07,9.893666463298763534e-08,2.668044481182537820e-08,1.519725249413929743e-07,1.666830536412179086e-07,-1.404669306979997640e-08,1.695723846949078893e-07,1.295910256669972029e-07,1.817278616946361788e-07,5.635997506576774587e-08,1.549581497222894934e-07,7.596229551930717843e-08,2.006328428803431829e-07,1.805944767174235807e-07
2.701048458818711105e-07,2.141062950384800282e-07,2.423197196016815443e-07,2.029687090237055661e-07,3.370140132513608622e-07,2.277401538797853280e-07,2.455872484586845276e-07,2.140935872662734579e-07,3.063482263045713002e-07,2.297071149766460844e-07,2.678075144682674433e-07,2.110710975900892671e-07,2.828520413591721059e-07,3.209004108452479575e-07,2.674907900459523600e-07,3.083360648921018593e-07,2.835210795906032352e-07,2.633809795944264649e-07,3.021288128235619800e-07,2.822871136380432159e-07,9.958050684942237904e-08,3.244497769366454381e-07,2.342620330169594500e-07,3.072517933890165512e-07,7.109943438757013537e-08,2.799484707973383423e-07,3.327335847590118442e-08,4.072310764916099630e-06,5.242179609536875540e-07,2.316177283429090026e-07,2.436761701248968599e-07,2.492967254497405811e-07,1.946268140905297696e-07,3.359598577190276436e-07,3.537068968058276253e-07,0.000000000000000000e+00,0.000000000000000000e+00,2.894824518739256801e-07,4.365299783988323767e-07,3.549926509423840372e-07,2.397449218570276830e-07,2.530555918220343695e-07,2.633079862760797416e-07,2.840531581922068899e-07,1.713881874910556408e-07,3.063338270481358532e-07,2.342861268824022818e-07,2.728422423779490458e-07,6.146836908380798759e-08,2.796772217958824320e-07,2.829141438660815310e-07,4.049783357402874326e-07,1.240515056469034759e-07,2.566585295016343859e-07,1.532704359567277489e-07,2.710150197038116779e-07,2.449232929077307221e-07
