8.231919253806576086e-07,7.986251423138724047e-07,6.641875603633537451e-07,7.170042494359766816e-07,7.796455061517062744e-07,1.072782237504504222e-06,6.322588766151655898e-07,6.829420951190336218e-07,9.508437886619347410e-07,5.899137949196645581e-07,9.024867904702213203e-07,6.671426649916177714e-07,7.494037743864239536e-07,7.303041235846856103e-07,7.729153261755561025e-07,1.005191598675037974e-06,8.259478525110375801e-07,7.826778250174834643e-07,9.893756947901086603e-07,9.963234438693773716e-07,6.435356175320050754e-07,5.647184550120622761e-07,3.357785569200335911e-07,7.474487093751786474e-07,1.591867496470844912e-07,9.374855274588601271e-07,2.508081229967593854e-07,4.524903635280254539e-07,8.817070287713275156e-07,5.888147930443204288e-07,-2.387452004508369214e-08,9.931236569714583971e-07,5.306660354453986069e-07,7.889880384134286316e-07,8.160745421049919438e-07,0.000000000000000000e+00,0.000000000000000000e+00,7.286862984350803395e-07,6.019902581170015498e-07,8.018024615714256052e-07,1.005035918051732929e-06,9.669618667675918086e-07,7.787351618440058828e-07,7.191403799447605029e-07,4.220763839887397991e-07,6.586494426235419798e-08,1.053193799191637803e-06,1.056918597065561842e-06,1.417832928245206315e-07,8.626417038293595891e-07,7.742324159937625496e-07,8.918196148100325138e-07,6.467947348848511191e-07,0.000000000000000000e+00,2.691316755237112232e-07,7.525378406585808621e-07,6.694312970390757734e-07
7.986251423138724047e-07,1.050898595323139528e-06,7.438768465419510109e-07,8.033849590342737859e-07,8.606476142041761217e-07,1.204251279701372114e-06,7.185911086901543195e-07,7.742720130057444258e-07,1.079252841981306637e-06,6.761570172885000767e-07,1.019680977938109615e-06,7.513775937929789567e-07,8.298065019290909086e-07,8.330536194727051697e-07,8.674334508761471112e-07,1.097455863506532435e-06,9.318388764379957712e-07,8.762031885396912723e-07,1.099312513900089157e-06,1.113199856029099919e-06,7.179318181832253506e-07,6.389903235229234002e-07,3.243156991676870039e-07,8.576716555883036080e-07,1.731493529228057525e-07,1.049744050358025159e-06,2.534435898139063564e-07,4.698605619923413668e-07,9.765186239008354144e-07,6.518566199295975162e-07,-9.192040697765371832e-09,1.009654156456887857e-06,5.878706163897772922e-07,8.773069180582115477e-07,9.314069464859891632e-07,0.000000000000000000e+00,0.000000000000000000e+00,8.105242330505019411e-07,6.859443763513269312e-07,9.062299556269802773e-07,1.099688282483243821e-06,1.088770990236972150e-06,9.069057364734905737e-07,8.404995432507677821e-07,4.272112796765751958e-07,1.039714261165009862e-07,1.181375695854049406e-06,1.198415097587359177e-06,1.170565966975153044e-07,9.655631006594552716e-07,8.676332438025605998e-07,9.905997398134172759e-07,6.926594968231755046e-07,0.000000000000000000e+00,2.857602746831891149e-07,8.443206861837885534e-07,7.366884549638160445e-07
6.641875603633537451e-07,7.438768465419510109e-07,1.333862908315055991e-06,8.228622932257173439e-07,8.177701686482568904e-07,1.096332364874002129e-06,6.930173984659784260e-07,7.088231443066884882e-07,9.719779860683281880e-07,6.305649138092386919e-07,9.441072537888425673e-07,7.850489635343263319e-07,8.053089305190571702e-07,7.901437695177359919e-07,8.842587247119041221e-07,1.004166916429335915e-06,8.784492820287907266e-07,8.521674553065334609e-07,1.016024325043183150e-06,1.021657809359500315e-06,7.350178520610505517e-07,6.189158217726883565e-07,3.057957306116393883e-07,8.852090149759909542e-07,1.854957432463344423e-07,9.627754085224542245e-07,2.225188002609229652e-07,4.222029689170536424e-07,9.191340039203041702e-07,6.622898798972919857e-07,-4.282383775050467158e-11,8.739257313872633214e-07,5.283295947534610883e-07,8.699266616627448023e-07,8.576569834899187541e-07,0.000000000000000000e+00,0.000000000000000000e+00,7.961975937345604710e-07,7.245874665084024874e-07,8.408137562060804584e-07,1.011427821417210930e-06,1.012909108829547304e-06,8.091055677424751838e-07,8.095236257179351532e-07,4.213121961430944942e-07,7.697788778522590918e-08,1.058729438409762542e-06,1.026463211491829571e-06,1.190837197439935954e-07,9.007657153224639136e-07,8.351711165311272502e-07,9.357700241553723143e-07,6.214535210074850815e-07,0.000000000000000000e+00,2.608274567878488196e-07,8.699537375226445621e-07,7.420086630398815197e-07
7.170042494359766816e-07,8.033849590342737859e-07,8.228622932257173439e-07,1.347959320224607174e-06,8.307154814412842425e-07,1.143738692720824737e-06,7.181882343360703278e-07,7.958644116028624065e-07,1.052632810552807688e-06,6.026991261853470841e-07,1.009564187355770398e-06,7.684350048739812473e-07,8.474466413094981358e-07,8.084452146712838473e-07,8.606727395675383060e-07,1.125742990203953001e-06,9.087093368351510493e-07,8.936670021943156696e-07,1.107692043005029934e-06,1.104340492304026898e-06,7.729342815349681075e-07,6.330533716517128340e-07,3.103906626567893288e-07,9.234073109925047854e-07,1.430768531699866490e-07,1.015166711953391365e-06,2.391773788462046215e-07,4.121275489382974893e-07,9.923124588383577342e-07,6.740178861409896970e-07,-1.583179950758649685e-11,8.993420123412137211e-07,5.434593282618956206e-07,8.637537792663932769e-07,8.833174849350716226e-07,0.000000000000000000e+00,0.000000000000000000e+00,8.226467034931212761e-07,7.112170772881870486e-07,8.832522570968572706e-07,1.085842704311174655e-06,1.071998246595759625e-06,8.576218700055576808e-07,8.120082880369547903e-07,4.084124095148801399e-07,8.265194433842738176e-08,1.153271862268885561e-06,1.104935643730900089e-06,6.604288326943334905e-08,9.525473116939072603e-07,8.603367353821714204e-07,9.849056202086677739e-07,6.610874048139859092e-07,0.000000000000000000e+00,2.504558725082634849e-07,8.700743876832667374e-07,7.450973071618512079e-07
7.796455061517062744e-07,8.606476142041761217e-07,8.177701686482568904e-07,8.307154814412842425e-07,1.553445469283343643e-06,1.213950843710778197e-06,7.493049859179258433e-07,7.905547270409509622e-07,1.074882734204423903e-06,6.493297863738911654e-07,1.046753501530321684e-06,7.752622217395253864e-07,8.574183161505412500e-07,8.259475719998126878e-07,8.932801150828957886e-07,1.142000171702892418e-06,9.590562058588603969e-07,9.053390034099098048e-07,1.129064360723030937e-06,1.120935631027526570e-06,7.365165154472333343e-07,6.399546350240963816e-07,3.375964750212061350e-07,9.112505541278210388e-07,1.814794004439917234e-07,1.043098111607290270e-06,2.292635176505755953e-07,4.649813163865460609e-07,1.028904554718661303e-06,6.887040257886845090e-07,-1.798693750445606080e-08,1.022401631838338402e-06,5.464065835111776337e-07,8.904667059231913910e-07,9.140449994201651080e-07,0.000000000000000000e+00,0.000000000000000000e+00,8.426082597754208480e-07,7.371092927570506654e-07,9.482049006077718359e-07,1.086054723966270881e-06,1.125924177675339817e-06,8.852464312048921743e-07,8.379412795334771049e-07,4.222369898159614336e-07,1.325046957197581601e-07,1.150381126471468878e-06,1.192670547819977892e-06,1.196375030089764575e-07,9.826432350840554721e-07,8.638545079913620016e-07,9.861489353701963062e-07,7.187250178294088460e-07,0.000000000000000000e+00,2.739461732243713803e-07,8.660918147919528408e-07,7.701667804474312177e-07
1.072782237504504222e-06,1.204251279701372114e-06,1.096332364874002129e-06,1.143738692720824737e-06,1.213950843710778197e-06,2.186822475615622138e-06,1.037973619974944420e-06,1.106954554774372395e-06,1.517453257782198539e-06,9.066547881309808735e-07,1.481560729049959364e-06,1.118328982095095379e-06,1.187551424678194128e-06,1.175739490417185876e-06,1.267273794081079413e-06,1.558720349368245687e-06,1.353578833374906765e-06,1.300393013948060086e-06,1.542160608987462614e-06,1.575800401188311400e-06,1.043227574062509012e-06,9.152735782360567783e-07,4.574384575043052186e-07,1.248408899257151761e-06,2.245987305386500738e-07,1.483447094705537370e-06,3.434454114168831977e-07,6.197385184560846126e-07,1.409979591565552281e-06,9.235209931309207502e-07,-3.779122695793868173e-09,1.337605104635100856e-06,7.711796242181284673e-07,1.254185795256677693e-06,1.305282085209321262e-06,0.000000000000000000e+00,0.000000000000000000e+00,1.169245801923080815e-06,1.025548514853012978e-06,1.286481573022111429e-06,1.559310495066644658e-06,1.574872571738426041e-06,1.251409353023987698e-06,1.181961384055305926e-06,5.925320886651115285e-07,6.768479518240605481e-08,1.663857932843849732e-06,1.660878538331924601e-06,1.756682534961744301e-07,1.396767195285943098e-06,1.235730684108942633e-06,1.406387732788031770e-06,9.361515740750996556e-07,0.000000000000000000e+00,3.862200642721191751e-07,1.198253039752212730e-06,1.073033779452851307e-06
6.322588766151655898e-07,7.185911086901543195e-07,6.930173984659784260e-07,7.181882343360703278e-07,7.493049859179258433e-07,1.037973619974944420e-06,9.192066728957130770e-07,6.832143361664860137e-07,9.476725880723475518e-07,5.994706508757894868e-07,9.568406211887620994e-07,7.067787573717581787e-07,7.657550613533954598e-07,7.308600745862194044e-07,7.753362287674062734e-07,9.787285298500923119e-07,8.287348624665575444e-07,8.061279779408943091e-07,9.658935715420420178e-07,9.852341568196353786e-07,6.780367898287713942e-07,5.725845971275386597e-07,2.780430192634453120e-07,7.922347423395632699e-07,1.479031169800414142e-07,9.430048902133974215e-07,2.120036218056825444e-07,3.685393167449154992e-07,8.823432897078909687e-07,6.023697208134772111e-07,-1.417471773874511862e-10,8.213786447966552573e-07,4.836792161511878791e-07,7.878157542255668585e-07,8.064545974760132179e-07,0.000000000000000000e+00,0.000000000000000000e+00,7.517623362682410472e-07,6.659238718941827548e-07,8.275533710454202042e-07,9.399946853664431716e-07,9.915888864085054445e-07,7.727959391844872937e-07,7.548594014609800745e-07,3.684531031643135659e-07,5.982985250114309217e-08,9.928737079775406834e-07,1.012252932160368718e-06,8.838191653279594286e-08,8.354037020659668847e-07,7.692918309105134042e-07,8.608707158948872961e-07,5.823213525788312638e-07,0.000000000000000000e+00,2.377009093242080871e-07,7.734167867917752583e-07,7.292883515999890530e-07
6.829420951190336218e-07,7.742720130057444258e-07,7.088231443066884882e-07,7.958644116028624065e-07,7.905547270409509622e-07,1.106954554774372395e-06,6.832143361664860137e-07,2.040831565462536797e-06,1.017560235841100401e-06,6.738905986577656652e-07,1.202134240242091764e-06,8.054048512310554143e-07,8.418596944635945233e-07,7.715733540215371463e-07,8.374040683398900297e-07,1.094863502312035552e-06,9.691078101704780039e-07,9.457193817812131986e-07,1.124999546968322212e-06,1.091413401763987778e-06,8.367415784374769733e-07,6.874014276394989326e-07,3.112652834116417028e-07,1.061727430292956417e-06,1.414695012793842078e-07,1.035794832211707194e-06,2.482622433219373291e-07,3.943941922766898099e-07,1.021643818199227457e-06,7.603956132583305707e-07,-1.802987021685875314e-08,9.689677857104830694e-07,5.497985951358184494e-07,8.854680813620614549e-07,9.288689177610995697e-07,0.000000000000000000e+00,0.000000000000000000e+00,8.543079454933984271e-07,7.758173512168910388e-07,8.718893604732682394e-07,1.120313473928742566e-06,1.060608331927558993e-06,8.524009651901156875e-07,8.698635466334072481e-07,3.968759832669195412e-07,8.878594574399803057e-08,1.144639422062014120e-06,1.102527656600453590e-06,1.467895750002824058e-07,1.068572194583622387e-06,9.049503947330264023e-07,1.027766636563210653e-06,6.157601356639880846e-07,0.000000000000000000e+00,2.806600160449998214e-07,8.973833105035120608e-07,7.798808479348491093e-07
9.508437886619347410e-07,1.079252841981306637e-06,9.719779860683281880e-07,1.052632810552807688e-06,1.074882734204423903e-06,1.517453257782198539e-06,9.476725880723475518e-07,1.017560235841100401e-06,1.711051436309426674e-06,8.334721071930848444e-07,1.402385388192395962e-06,9.986225693704476158e-07,1.094572458725675476e-06,1.058397110833418375e-06,1.118106655848263303e-06,1.433204341214057157e-06,1.208439236463593594e-06,1.168641886083445477e-06,1.449446990307496292e-06,1.441759862729294299e-06,9.521421393264263063e-07,8.241567326518541561e-07,3.953623461611911653e-07,1.161421909322035120e-06,2.101469009500312440e-07,1.327013754841204389e-06,3.025427499383802368e-07,5.693363950919452018e-07,1.297088217485176628e-06,8.721096006338204312e-07,-2.105192588656015474e-08,1.269021196406591341e-06,7.080564829230315481e-07,1.133331449616886115e-06,1.183068603278419604e-06,0.000000000000000000e+00,0.000000000000000000e+00,1.069955285514500759e-06,9.511263455824556917e-07,1.165516038085436241e-06,1.415731281176651183e-06,1.454226542386145720e-06,1.150480869573047850e-06,1.090118541951891151e-06,5.116887117403326642e-07,1.182428902022774170e-07,1.519284259024849380e-06,1.494401404380572167e-06,1.565941423410615929e-07,1.223625730630549300e-06,1.128033449865828120e-06,1.302277577997197367e-06,8.657445472812441070e-07,0.000000000000000000e+00,3.463928763939138604e-07,1.113063950398452210e-06,9.967973907531446265e-07
5.899137949196645581e-07,6.761570172885000767e-07,6.305649138092386919e-07,6.026991261853470841e-07,6.493297863738911654e-07,9.066547881309808735e-07,5.994706508757894868e-07,6.738905986577656652e-07,8.334721071930848444e-07,2.426101315058802038e-06,1.022214787232504926e-06,6.647293154157469586e-07,7.143431970493407076e-07,6.489543036633937586e-07,7.108204314074670357e-07,9.223357330297440571e-07,7.634937934193927046e-07,7.328823098242415077e-07,9.580050442198059584e-07,8.989922785249426704e-07,6.322376883641029156e-07,5.716221971282518078e-07,2.984923587871053649e-07,7.769792007350974072e-07,1.488205806226441437e-07,8.587887322388917018e-07,2.349747875816329275e-07,4.135596141502914727e-07,8.184389890020423558e-07,5.526540913381279616e-07,1.289182956947739060e-07,9.519917759876026938e-07,5.001077657405907522e-07,7.407703114225731421e-07,7.855086069987002545e-07,0.000000000000000000e+00,0.000000000000000000e+00,7.480070746167719237e-07,5.667259306486143671e-07,7.322021143229794836e-07,9.375301226155089028e-07,9.127936379748924327e-07,7.169243902251891418e-07,6.805260392211525711e-07,3.581277914928304224e-07,9.574814519508614162e-08,9.595400954209425012e-07,8.795536193144706266e-07,5.285682454479188979e-08,8.111466751103085346e-07,7.676762611496253445e-07,8.581102015968594769e-07,5.629932798257773143e-07,0.000000000000000000e+00,2.429949145115444972e-07,7.679204073678119913e-07,7.119990531563658577e-07
9.024867904702213203e-07,1.019680977938109615e-06,9.441072537888425673e-07,1.009564187355770398e-06,1.046753501530321684e-06,1.481560729049959364e-06,9.568406211887620994e-07,1.202134240242091764e-06,1.402385388192395962e-06,1.022214787232504926e-06,7.519335847125070623e-06,1.151411447222489105e-06,1.179712752582892708e-06,1.124846254621630791e-06,1.177716410162765203e-06,1.378574436050087216e-06,1.270589360654024531e-06,1.306233435180346163e-06,1.370413231964263652e-06,1.427711300922721715e-06,9.482251425841871040e-07,9.340276527745899375e-07,3.968310159958271122e-07,1.350445585212010968e-06,1.690523078472139733e-07,1.460074280148818063e-06,2.379601786642604212e-07,5.340460462539293053e-07,1.335063053643938642e-06,9.983479558601431473e-07,2.217141033277960322e-08,1.261374586571164730e-06,7.529027132393768246e-07,1.256256897356198286e-06,1.297599582819092339e-06,0.000000000000000000e+00,0.000000000000000000e+00,1.306283680970197020e-06,8.971805978694366371e-07,1.215899489098047480e-06,1.496948539953120874e-06,1.420456135093928977e-06,1.165950728084621902e-06,1.183990229133122914e-06,5.921369987957598953e-07,4.065713454097963553e-08,1.530625762687110871e-06,1.515413502462256147e-06,8.542452112243018410e-10,1.227751577449102926e-06,1.246128235196440128e-06,1.405352732744137693e-06,9.112168821343512788e-07,0.000000000000000000e+00,3.401481043366353410e-07,1.334883472478319817e-06,1.132344291405870013e-06
6.671426649916177714e-07,7.513775937929789567e-07,7.850489635343263319e-07,7.684350048739812473e-07,7.752622217395253864e-07,1.118328982095095379e-06,7.067787573717581787e-07,8.054048512310554143e-07,9.986225693704476158e-07,6.647293154157469586e-07,1.151411447222489105e-06,1.705945488242797220e-06,8.787390587055781969e-07,8.211212660776946496e-07,9.169804945208134954e-07,1.033492353842343175e-06,9.483186512887805186e-07,1.158421229614485588e-06,1.159574514589671479e-06,1.073912726438255272e-06,8.191819212447891212e-07,7.289121004992795222e-07,3.783090582306998274e-07,9.147406265936979841e-07,2.386891009310436796e-07,1.013373701524148970e-06,2.987844722207866043e-07,5.109997895883112188e-07,9.945431322493749068e-07,8.543578094161503326e-07,1.155851052654726221e-08,9.203386959067742591e-07,6.205290364437257357e-07,9.677793224043475126e-07,9.280482016572773319e-07,0.000000000000000000e+00,0.000000000000000000e+00,9.527520315032030705e-07,8.000565289105242444e-07,8.592770079025616722e-07,1.112552957769244485e-06,1.039640363408462743e-06,8.498447104055815876e-07,8.612901595423699128e-07,4.529192526309591784e-07,7.748650714757535678e-08,1.069386948544175221e-06,1.003718891710526220e-06,1.229148313805678615e-07,9.600460980076582938e-07,9.457424539897739350e-07,1.025316638204519446e-06,6.945083403343957467e-07,0.000000000000000000e+00,3.071978580303894875e-07,9.908995285731928011e-07,9.025249757439800655e-07
7.494037743864239536e-07,8.298065019290909086e-07,8.053089305190571702e-07,8.474466413094981358e-07,8.574183161505412500e-07,1.187551424678194128e-06,7.657550613533954598e-07,8.418596944635945233e-07,1.094572458725675476e-06,7.143431970493407076e-07,1.179712752582892708e-06,8.787390587055781969e-07,1.588357432527568825e-06,8.686283158493841441e-07,9.390777944237470324e-07,1.233549219190947753e-06,1.072674656612647163e-06,1.024684597612986773e-06,1.264250921210747158e-06,1.213573938840154853e-06,8.169459637032659789e-07,7.229249249187998110e-07,3.730369175386559357e-07,1.009306151665184705e-06,2.077661332182668530e-07,1.156563904859249705e-06,2.445389163679015905e-07,4.555783520185529444e-07,1.097702967791079174e-06,7.807344950665788846e-07,-7.776753631194178618e-09,1.005011997073853771e-06,6.044168338791172399e-07,9.845959251511028462e-07,9.861920681535484412e-07,0.000000000000000000e+00,0.000000000000000000e+00,9.501596421901102497e-07,8.491484510662485076e-07,9.531571590425058711e-07,1.156230104740895038e-06,1.163173802685340267e-06,9.201127677805767840e-07,9.226937482136436818e-07,4.661819541717585388e-07,9.049689557507318963e-08,1.243148351594264934e-06,1.168441009102092570e-06,8.244827046044262172e-08,1.023110651379288211e-06,9.875806376836949660e-07,1.142632144447130697e-06,7.032754477883223238e-07,0.000000000000000000e+00,2.988442820155407944e-07,9.731413949508369062e-07,8.941174158874099574e-07
7.303041235846856103e-07,8.330536194727051697e-07,7.901437695177359919e-07,8.084452146712838473e-07,8.259475719998126878e-07,1.175739490417185876e-06,7.308600745862194044e-07,7.715733540215371463e-07,1.058397110833418375e-06,6.489543036633937586e-07,1.124846254621630791e-06,8.211212660776946496e-07,8.686283158493841441e-07,1.169621184668384561e-06,9.316715492737346166e-07,1.080689904351866268e-06,9.468941267668809349e-07,9.544531619084057306e-07,1.070756777981490741e-06,1.089256984459736998e-06,7.794347053640351793e-07,6.954768839270930724e-07,3.522307338299915280e-07,9.414421583780521236e-07,1.893995183587120082e-07,1.034972655776758493e-06,2.676933233207107289e-07,4.959195632060711644e-07,1.000000705161112308e-06,7.142011379195631854e-07,1.991101820205315287e-08,9.411998865468846989e-07,6.009663002249598665e-07,9.257513940468714836e-07,9.402063054396897370e-07,0.000000000000000000e+00,0.000000000000000000e+00,8.779616296408444166e-07,7.649622243421998909e-07,8.928723769998282846e-07,1.099776301944952862e-06,1.077643310537211003e-06,8.747983427891112387e-07,8.766902975417854236e-07,4.463639356580506472e-07,9.160525792290867429e-08,1.144980629878663889e-06,1.105849148590120707e-06,1.614428721167313416e-07,9.616656082784927971e-07,9.038999083930612167e-07,1.018821408666793692e-06,7.118488772233715492e-07,0.000000000000000000e+00,3.037230111143774921e-07,9.142081863733558336e-07,8.294564677119004998e-07
7.729153261755561025e-07,8.674334508761471112e-07,8.842587247119041221e-07,8.606727395675383060e-07,8.932801150828957886e-07,1.267273794081079413e-06,7.753362287674062734e-07,8.374040683398900297e-07,1.118106655848263303e-06,7.108204314074670357e-07,1.177716410162765203e-06,9.169804945208134954e-07,9.390777944237470324e-07,9.316715492737346166e-07,1.311672460659560967e-06,1.146105726365655168e-06,1.022635165189038207e-06,1.027774877947380683e-06,1.188462352741493646e-06,1.167033676004144303e-06,8.515460517531916431e-07,7.546193276877001842e-07,3.814473998165668190e-07,9.824766396790241518e-07,1.962151747968851388e-07,1.088046956982187934e-06,2.899893036750639549e-07,5.177426324231432443e-07,1.056166301377412036e-06,7.802309952377321336e-07,4.752199279409771361e-08,1.025353201544728077e-06,6.516188849822445346e-07,1.012890759705661573e-06,1.002138324786584872e-06,0.000000000000000000e+00,0.000000000000000000e+00,9.744849750693478274e-07,8.194187180816808393e-07,9.606199994012475323e-07,1.150852994390301791e-06,1.155633394140639665e-06,9.335928224775165746e-07,9.428319851095947146e-07,5.037458164359637393e-07,9.217585894796696032e-08,1.192054544983519869e-06,1.142795952723243551e-06,1.601032036505860845e-07,1.008686752472139326e-06,9.910837856775171668e-07,1.084745509132831055e-06,7.609216823235516309e-07,0.000000000000000000e+00,3.275362224257317693e-07,1.023530849582508386e-06,8.909320218537821291e-07
1.005191598675037974e-06,1.097455863506532435e-06,1.004166916429335915e-06,1.125742990203953001e-06,1.142000171702892418e-06,1.558720349368245687e-06,9.787285298500923119e-07,1.094863502312035552e-06,1.433204341214057157e-06,9.223357330297440571e-07,1.378574436050087216e-06,1.033492353842343175e-06,1.233549219190947753e-06,1.080689904351866268e-06,1.146105726365655168e-06,8.512248367658692007e-06,1.380162247740080522e-06,1.266662578379198303e-06,2.614701238475920468e-06,1.561054893152470729e-06,1.145217660420132963e-06,8.446483042214161313e-07,4.003196097848739490e-07,1.346192806987546688e-06,1.868496101439303765e-07,1.682106063642983377e-06,3.156332789485743643e-07,5.643590720499292317e-07,1.645296514032493457e-06,1.035795007161226465e-06,-7.157055473235860555e-08,1.305801992545831717e-06,7.112956255894105052e-07,1.223104194074568500e-06,1.273457280266652962e-06,0.000000000000000000e+00,0.000000000000000000e+00,1.122465822805822416e-06,1.031076725533785470e-06,1.257722390559147786e-06,1.601087624937951567e-06,1.515097455053087883e-06,1.195161090200954014e-06,1.158158106810704605e-06,4.887248256046847816e-07,3.271306978665584105e-09,1.814550591854116875e-06,1.639342688300379241e-06,1.577514957389704590e-07,1.453374937394827215e-06,1.263081329372173739e-06,1.462424664287170711e-06,1.025979843312891898e-06,0.000000000000000000e+00,3.038494387767613839e-07,1.253895108950139529e-06,9.739164543698909002e-07
8.259478525110375801e-07,9.318388764379957712e-07,8.784492820287907266e-07,9.087093368351510493e-07,9.590562058588603969e-07,1.353578833374906765e-06,8.287348624665575444e-07,9.691078101704780039e-07,1.208439236463593594e-06,7.634937934193927046e-07,1.270589360654024531e-06,9.483186512887805186e-07,1.072674656612647163e-06,9.468941267668809349e-07,1.022635165189038207e-06,1.380162247740080522e-06,2.755507826133181886e-06,1.103945960318149378e-06,1.362880795904989281e-06,1.329359556421399068e-06,8.946294051075147623e-07,7.816439813294117932e-07,3.561496934122993430e-07,1.175755476738037054e-06,2.077695489889449682e-07,1.254171019760365810e-06,2.849184713199170901e-07,4.979045292438374352e-07,1.218365519981733653e-06,7.979101904419025186e-07,-2.784982179175045232e-08,1.122574183889650675e-06,6.559263359175234171e-07,1.076056958023609659e-06,1.099989317509610334e-06,0.000000000000000000e+00,0.000000000000000000e+00,1.017624559221654808e-06,8.827018890924575699e-07,1.056188914673826953e-06,1.342773540425587710e-06,1.317198579872549493e-06,9.995518594901329620e-07,1.024253821017656157e-06,4.390726573392586423e-07,1.350020210995615267e-07,1.455358781698021166e-06,1.322509392894945386e-06,5.785879954416887988e-08,1.186937777079311661e-06,1.042348729056071048e-06,1.218791980568834511e-06,7.623670851615656358e-07,0.000000000000000000e+00,3.108396029207322599e-07,1.048621549582474207e-06,9.564726099328135907e-07
7.826778250174834643e-07,8.762031885396912723e-07,8.521674553065334609e-07,8.936670021943156696e-07,9.053390034099098048e-07,1.300393013948060086e-06,8.061279779408943091e-07,9.457193817812131986e-07,1.168641886083445477e-06,7.328823098242415077e-07,1.306233435180346163e-06,1.158421229614485588e-06,1.024684597612986773e-06,9.544531619084057306e-07,1.027774877947380683e-06,1.266662578379198303e-06,1.103945960318149378e-06,4.540153576955499231e-06,1.349950382890775632e-06,1.269653005370530313e-06,9.200289283979230450e-07,8.107901303997990395e-07,4.017830695408543637e-07,1.164925735579215876e-06,2.016275419017723587e-07,1.235159811777518707e-06,3.303278759152587924e-07,5.009524794995502160e-07,1.133389782569381493e-06,1.048494616035982545e-06,-2.304883078870931001e-07,1.040562080504010355e-06,7.258741773707500654e-07,1.064755267533311846e-06,1.070031173012319486e-06,0.000000000000000000e+00,0.000000000000000000e+00,9.942118500440541250e-07,1.058658888997013334e-06,9.681789019837890785e-07,1.297329169169021071e-06,1.202642738081007856e-06,9.985564125077294658e-07,1.010552215192734189e-06,5.129088339165389425e-07,-3.067341646722451822e-08,1.222325883810127836e-06,1.245234298692161722e-06,2.093724053059434206e-07,1.085925510289030354e-06,1.080034389244637253e-06,1.193679691829730416e-06,8.585359809771388881e-07,0.000000000000000000e+00,3.546006558896226697e-07,1.067280002247734710e-06,1.010482468348539062e-06
9.893756947901086603e-07,1.099312513900089157e-06,1.016024325043183150e-06,1.107692043005029934e-06,1.129064360723030937e-06,1.542160608987462614e-06,9.658935715420420178e-07,1.124999546968322212e-06,1.449446990307496292e-06,9.580050442198059584e-07,1.370413231964263652e-06,1.159574514589671479e-06,1.264250921210747158e-06,1.070756777981490741e-06,1.188462352741493646e-06,2.614701238475920468e-06,1.362880795904989281e-06,1.349950382890775632e-06,7.467125860270758574e-06,1.567022932443525464e-06,1.161344249090372595e-06,8.863877447376689305e-07,4.402371558618695034e-07,1.431630586609543514e-06,2.286740768159592900e-07,1.808939253089460802e-06,4.102189332123173023e-07,6.170514925210243610e-07,1.732212871834690734e-06,1.092053553366257112e-06,-6.060152113930465164e-08,1.437383309865028278e-06,7.829489176637074312e-07,1.294133477813033278e-06,1.308498637158310752e-06,0.000000000000000000e+00,0.000000000000000000e+00,1.194963149670476807e-06,1.125642945860771294e-06,1.244423493094174063e-06,1.603362666345757434e-06,1.502847411797493768e-06,1.209696017703243483e-06,1.218701116371311397e-06,6.019388552534455236e-07,5.223043158321714439e-08,1.755196612658816865e-06,1.550718233039662531e-06,8.017011135556235698e-08,1.477170038655713580e-06,1.300869138773450743e-06,1.561298808651450818e-06,8.795494540704151616e-07,0.000000000000000000e+00,4.062286213506348794e-07,1.343642885026422944e-06,9.813910063744942548e-07
9.963234438693773716e-07,1.113199856029099919e-06,1.021657809359500315e-06,1.104340492304026898e-06,1.120935631027526570e-06,1.575800401188311400e-06,9.852341568196353786e-07,1.091413401763987778e-06,1.441759862729294299e-06,8.989922785249426704e-07,1.427711300922721715e-06,1.073912726438255272e-06,1.213573938840154853e-06,1.089256984459736998e-06,1.167033676004144303e-06,1.561054893152470729e-06,1.329359556421399068e-06,1.269653005370530313e-06,1.567022932443525464e-06,3.098254556665452750e-06,1.028016102299003383e-06,8.785161706453328408e-07,4.181833838834540334e-07,1.305178519767898384e-06,2.165127280198377703e-07,1.408670087619533210e-06,3.126892620381109760e-07,5.642597682086019840e-07,1.399994494060788459e-06,9.496896341727797642e-07,-1.108380607131669294e-07,1.306240438310530567e-06,7.281041562316538790e-07,1.223270422662476184e-06,1.263606506193923272e-06,0.000000000000000000e+00,0.000000000000000000e+00,1.139993670760077608e-06,1.052928240474465149e-06,1.251148078912686358e-06,1.441667779811083607e-06,1.548414512694642603e-06,1.189007348518859501e-06,1.184695951872302789e-06,5.528159757095136084e-07,9.963732820201203032e-08,1.682376262891112595e-06,1.594678195335984460e-06,1.149963674577971815e-07,1.355620680626262747e-06,1.190025925349366320e-06,1.412310828045928573e-06,9.093654014576210799e-07,0.000000000000000000e+00,3.453791365708316784e-07,1.203660258000825066e-06,1.052820818993139384e-06
6.435356175320050754e-07,7.179318181832253506e-07,7.350178520610505517e-07,7.729342815349681075e-07,7.365165154472333343e-07,1.043227574062509012e-06,6.780367898287713942e-07,8.367415784374769733e-07,9.521421393264263063e-07,6.322376883641029156e-07,9.482251425841871040e-07,8.191819212447891212e-07,8.169459637032659789e-07,7.794347053640351793e-07,8.515460517531916431e-07,1.145217660420132963e-06,8.946294051075147623e-07,9.200289283979230450e-07,1.161344249090372595e-06,1.028016102299003383e-06,2.648223507830169946e-06,7.017055712890663805e-07,3.414983351745707137e-07,9.260715560121195193e-07,2.198869437108902620e-07,9.586341794758849413e-07,2.493045018876563408e-07,4.331081447178843870e-07,9.941178914469406769e-07,7.404295189946978606e-07,-1.882717953744420623e-08,8.928513525846291136e-07,5.832808382789288379e-07,9.174293898595412787e-07,8.836792370104187905e-07,0.000000000000000000e+00,0.000000000000000000e+00,8.864213769938368142e-07,6.851604339138962041e-07,8.167355102727994656e-07,1.087380905795106056e-06,9.872894373258444338e-07,8.183546374451245536e-07,8.697388740657637403e-07,4.486497860789862477e-07,3.111561334494220133e-08,1.048295039042443432e-06,9.600029841634146174e-07,2.090337567811444571e-07,1.008946119966327263e-06,9.181098509118719352e-07,9.626364533764605048e-07,6.760392898413696575e-07,0.000000000000000000e+00,3.078480696041839198e-07,9.430697926558607081e-07,8.493139663120004701e-07
5.647184550120622761e-07,6.389903235229234002e-07,6.189158217726883565e-07,6.330533716517128340e-07,6.399546350240963816e-07,9.152735782360567783e-07,5.725845971275386597e-07,6.874014276394989326e-07,8.241567326518541561e-07,5.716221971282518078e-07,9.340276527745899375e-07,7.289121004992795222e-07,7.229249249187998110e-07,6.954768839270930724e-07,7.546193276877001842e-07,8.446483042214161313e-07,7.816439813294117932e-07,8.107901303997990395e-07,8.863877447376689305e-07,8.785161706453328408e-07,7.017055712890663805e-07,1.674096246205068294e-06,3.391463168093139280e-07,8.245172856831495673e-07,1.923081777453301619e-07,8.874216877958139964e-07,2.656803925970000179e-07,4.282615168848485660e-07,8.176623072334386622e-07,6.798765433081004826e-07,9.724435475345528210e-11,7.806689125823304784e-07,5.344108896523276288e-07,7.987660508955544520e-07,7.904776310443046448e-07,0.000000000000000000e+00,0.000000000000000000e+00,8.052030234128395088e-07,6.164666234978302668e-07,6.982522405577378653e-07,9.092000454726638330e-07,8.492154215320134430e-07,7.159680414702897511e-07,7.430148696003547856e-07,4.100627035664558959e-07,-3.214887511875270439e-08,9.007523222202648512e-07,8.253999882563265980e-07,4.217710021488245815e-08,7.708637579107426679e-07,7.978991927151884029e-07,8.789905339493440842e-07,6.060476443792671885e-07,0.000000000000000000e+00,2.821673522620082226e-07,8.407549575912592155e-07,7.884635656001843810e-07
3.357785569200335911e-07,3.243156991676870039e-07,3.057957306116393883e-07,3.103906626567893288e-07,3.375964750212061350e-07,4.574384575043052186e-07,2.780430192634453120e-07,3.112652834116417028e-07,3.953623461611911653e-07,2.984923587871053649e-07,3.968310159958271122e-07,3.783090582306998274e-07,3.730369175386559357e-07,3.522307338299915280e-07,3.814473998165668190e-07,4.003196097848739490e-07,3.561496934122993430e-07,4.017830695408543637e-07,4.402371558618695034e-07,4.181833838834540334e-07,3.414983351745707137e-07,3.391463168093139280e-07,1.054458231791715153e-06,3.410739940673425129e-07,1.383328188388905785e-07,4.198297213965198545e-07,1.870127428634859259e-07,2.784449731829763592e-07,4.004025977450896826e-07,3.974873045885553992e-07,-3.232433957306178589e-08,4.401738345401357462e-07,3.261420496200618420e-07,3.981586421623785556e-07,3.748749934208710586e-07,0.000000000000000000e+00,0.000000000000000000e+00,3.891169288203254224e-07,3.878572890730146566e-07,3.340056912121875210e-07,4.626007299991062488e-07,4.048650306111938506e-07,3.424035223438176215e-07,3.560456052220731465e-07,2.573375854929360395e-07,7.875262638796681555e-08,4.402938521171207057e-07,4.027128662811555449e-07,1.094664837654537622e-07,4.196990225177843903e-07,3.949341410994487519e-07,4.236563451221492973e-07,3.489852257366954645e-07,0.000000000000000000e+00,1.754169254875664392e-07,4.116525114510793624e-07,4.301092809674783988e-07
7.474487093751786474e-07,8.576716555883036080e-07,8.852090149759909542e-07,9.234073109925047854e-07,9.112505541278210388e-07,1.248408899257151761e-06,7.922347423395632699e-07,1.061727430292956417e-06,1.161421909322035120e-06,7.769792007350974072e-07,1.350445585212010968e-06,9.147406265936979841e-07,1.009306151665184705e-06,9.414421583780521236e-07,9.824766396790241518e-07,1.346192806987546688e-06,1.175755476738037054e-06,1.164925735579215876e-06,1.431630586609543514e-06,1.305178519767898384e-06,9.260715560121195193e-07,8.245172856831495673e-07,3.410739940673425129e-07,1.042219761348440507e-05,1.239726827060833088e-07,1.234711096984269465e-06,3.179360436381160223e-07,4.478527836026668674e-07,1.206344188192262066e-06,8.498352913391774125e-07,4.742046310582041171e-10,1.152105918988620249e-06,6.231923909646340997e-07,1.108869790209782303e-06,1.067518772236313151e-06,0.000000000000000000e+00,0.000000000000000000e+00,9.985720750888995858e-07,9.709478525891332648e-07,1.010657725473169947e-06,1.392561246124716116e-06,1.218793298806463586e-06,9.242375519837699324e-07,1.050687896671122506e-06,5.093148732526302177e-07,4.532287334508924187e-07,1.397623274011646606e-06,1.255284281411839614e-06,2.410189943069664082e-07,1.696314919590712708e-06,1.036813449014756527e-06,1.212623258102992776e-06,8.413490922532118059e-07,0.000000000000000000e+00,2.872697913057884631e-07,1.091227879668447108e-06,1.007359823675508916e-06
1.591867496470844912e-07,1.731493529228057525e-07,1.854957432463344423e-07,1.430768531699866490e-07,1.814794004439917234e-07,2.245987305386500738e-07,1.479031169800414142e-07,1.414695012793842078e-07,2.101469009500312440e-07,1.488205806226441437e-07,1.690523078472139733e-07,2.386891009310436796e-07,2.077661332182668530e-07,1.893995183587120082e-07,1.962151747968851388e-07,1.868496101439303765e-07,2.077695489889449682e-07,2.016275419017723587e-07,2.286740768159592900e-07,2.165127280198377703e-07,2.198869437108902620e-07,1.923081777453301619e-07,1.383328188388905785e-07,1.239726827060833088e-07,1.533621838736968680e-06,2.138391471456423295e-07,1.146125561779223405e-07,1.286453122453986185e-07,2.162548317702290774e-07,1.761337779053550758e-07,-2.667321478725675228e-08,1.814581885625730815e-07,1.605101471533040728e-07,2.149135603631870350e-07,2.072175127755152023e-07,0.000000000000000000e+00,0.000000000000000000e+00,2.063641506282086779e-07,1.934849803581726682e-07,1.788241123722956465e-07,2.169997652043783221e-07,2.106234183149792074e-07,1.942877778143688794e-07,1.859204311051068774e-07,1.674320041257171607e-07,-1.480841650036290001e-09,2.383881840253748400e-07,1.995718484443119661e-07,5.833986303033414007e-08,2.087667828742586070e-07,2.453358570230257483e-07,2.683907524868450091e-07,1.136301857563528310e-07,0.000000000000000000e+00,1.174677796953549517e-07,2.830882074871322313e-07,2.096489738729331317e-07
9.374855274588601271e-07,1.049744050358025159e-06,9.627754085224542245e-07,1.015166711953391365e-06,1.043098111607290270e-06,1.483447094705537370e-06,9.430048902133974215e-07,1.035794832211707194e-06,1.327013754841204389e-06,8.587887322388917018e-07,1.460074280148818063e-06,1.013373701524148970e-06,1.156563904859249705e-06,1.034972655776758493e-06,1.088046956982187934e-06,1.682106063642983377e-06,1.254171019760365810e-06,1.235159811777518707e-06,1.808939253089460802e-06,1.408670087619533210e-06,9.586341794758849413e-07,8.874216877958139964e-07,4.198297213965198545e-07,1.234711096984269465e-06,2.138391471456423295e-07,9.179800433687790708e-06,2.564276382326179406e-07,5.792259770716655492e-07,1.363273602223814792e-06,9.128707418922544836e-07,-1.435774259016442805e-07,1.288673431128645792e-06,7.018352353352255872e-07,1.253450772849664770e-06,1.245839188386839375e-06,0.000000000000000000e+00,0.000000000000000000e+00,1.131868725685739521e-06,1.049092817890668836e-06,1.142819448931042861e-06,1.618857049533778161e-06,1.452767738300352330e-06,1.071098249878675243e-06,1.225597045627331808e-06,4.810616995046963396e-07,3.704065249888554024e-08,1.564079105068562761e-06,1.551541455156800641e-06,1.834450971759692621e-07,1.340670689387590006e-06,1.112620398999187415e-06,1.410057674876692701e-06,9.447212464532127326e-07,0.000000000000000000e+00,3.047847113575956015e-07,1.269378996123161674e-06,1.060039674065669978e-06
2.508081229967593854e-07,2.534435898139063564e-07,2.225188002609229652e-07,2.391773788462046215e-07,2.292635176505755953e-07,3.434454114168831977e-07,2.120036218056825444e-07,2.482622433219373291e-07,3.025427499383802368e-07,2.349747875816329275e-07,2.379601786642604212e-07,2.987844722207866043e-07,2.445389163679015905e-07,2.676933233207107289e-07,2.899893036750639549e-07,3.156332789485743643e-07,2.849184713199170901e-07,3.303278759152587924e-07,4.102189332123173023e-07,3.126892620381109760e-07,2.493045018876563408e-07,2.656803925970000179e-07,1.870127428634859259e-07,3.179360436381160223e-07,1.146125561779223405e-07,2.564276382326179406e-07,1.499875046721895619e-06,1.939866015859887853e-07,3.483161574929797075e-07,3.393939240450408881e-07,-1.138810190997682170e-10,4.150101124693977514e-07,2.399336710023912607e-07,3.027408795212082596e-07,2.913825965502476899e-07,0.000000000000000000e+00,0.000000000000000000e+00,3.102466040145052058e-07,2.805318137552076906e-07,2.484738533814137496e-07,3.386974438642472749e-07,3.045136115470884573e-07,2.550723500341472548e-07,2.363868989484159469e-07,2.236422491488656848e-07,5.663857783887785562e-08,3.201301447678576425e-07,3.333684202780544593e-07,5.720914671683393120e-08,2.863038305566395988e-07,3.075506228157728299e-07,3.194330666258748155e-07,2.785841027824230221e-07,0.000000000000000000e+00,1.594677044355507941e-07,3.173328696616493855e-07,2.614240267853589569e-07
4.524903635280254539e-07,4.698605619923413668e-07,4.222029689170536424e-07,4.121275489382974893e-07,4.649813163865460609e-07,6.197385184560846126e-07,3.685393167449154992e-07,3.943941922766898099e-07,5.693363950919452018e-07,4.135596141502914727e-07,5.340460462539293053e-07,5.109997895883112188e-07,4.555783520185529444e-07,4.959195632060711644e-07,5.177426324231432443e-07,5.643590720499292317e-07,4.979045292438374352e-07,5.009524794995502160e-07,6.170514925210243610e-07,5.642597682086019840e-07,4.331081447178843870e-07,4.282615168848485660e-07,2.784449731829763592e-07,4.478527836026668674e-07,1.286453122453986185e-07,5.792259770716655492e-07,1.939866015859887853e-07,2.852890132774722195e-06,5.918117036533410633e-07,4.202851963141383191e-07,-5.811840532589310128e-12,6.217552051707458019e-07,4.390277133486450047e-07,5.265370878784058000e-07,5.280775951674375676e-07,0.000000000000000000e+00,0.000000000000000000e+00,5.192230984605998687e-07,4.479142093887140210e-07,4.715129134162242581e-07,6.244430141607382393e-07,5.390023647019633563e-07,4.942565144391115022e-07,4.989199960552286745e-07,2.948338794578423145e-07,2.550711725682929564e-08,5.707987821726928967e-07,5.774041840121763161e-07,6.630737319098439897e-08,5.427053472548711844e-07,5.238795258568829089e-07,5.666720516130037327e-07,4.086657048044831997e-07,0.000000000000000000e+00,2.477494427901688387e-07,5.209153315431851685e-07,5.043472572519806441e-07
