8.444628375446719375e-07,9.163015352836221819e-07,7.732395224468206469e-07,7.364268181531378746e-07,8.221170657983147884e-07,8.304795248748308510e-07,9.353799874070818189e-07,8.771719955794885875e-07,1.081263163192041872e-06,9.184125711773401502e-07,1.168483980804899652e-06,6.992608215723846215e-07,1.196849195165658857e-06,7.513299550196582987e-07,1.000566110414445058e-06,8.125309300018273901e-07,1.187138179311073631e-06,6.384856934420233912e-07,8.511336216641267487e-07,1.288709226200553316e-06,5.415540069665423629e-07,6.325686822673919853e-07,3.671036737905887176e-07,8.197243715939766243e-07,3.085642420711090385e-07,8.641780267007175737e-07,5.520600753834700154e-07,2.436010993603429569e-07,9.364523852697714377e-07,7.808005737686625648e-07,0.000000000000000000e+00,4.767605555401800590e-07,7.146109392298448084e-07,0.000000000000000000e+00,1.189012237831330643e-06,0.000000000000000000e+00,8.795895400510440872e-07,9.054730134169758889e-07,7.859637309359023829e-07,1.112935601187158960e-06,5.345128143133538337e-07,1.139219041295344052e-06,1.003764682883697854e-06,1.129947809766765216e-06,9.471753349017717138e-07,nan,1.055502689422279814e-06,1.214007422283128355e-06,nan,nan,nan,nan,nan,nan,nan,nan,nan
9.163015352836221819e-07,1.497559035333952074e-06,1.002574029312985517e-06,9.627838085210731150e-07,1.085464968245288462e-06,1.109303151921149186e-06,1.237351686262703325e-06,1.214162498220338333e-06,1.509278520174016041e-06,1.234379153476391305e-06,1.513022958815847327e-06,9.315362410563752952e-07,1.579476547493070187e-06,1.033378303764595986e-06,1.327027521520129421e-06,1.085137112561621537e-06,1.540232539340271843e-06,8.442874717512685499e-07,1.165130149692282849e-06,1.667777785199610866e-06,7.229696749838648763e-07,8.702322392505257703e-07,3.915235277764241060e-07,1.057610683638591633e-06,3.625073903472762987e-07,1.165682866235589946e-06,6.766557064702727584e-07,2.483750178819404268e-07,1.217262140263344942e-06,1.026061906647617353e-06,0.000000000000000000e+00,5.582343845800030688e-07,9.305649966979378973e-07,0.000000000000000000e+00,1.631364021482216908e-06,0.000000000000000000e+00,6.703463864223631159e-07,1.220929449981368589e-06,1.024499517121658009e-06,1.478314891339448045e-06,6.184235610892878623e-07,1.519531906363592844e-06,1.415051480676633613e-06,1.574441605619101206e-06,1.184867374104439902e-06,nan,1.326723701094645387e-06,1.548093717464377367e-06,nan,nan,nan,nan,nan,nan,nan,nan,nan
7.732395224468206469e-07,1.002574029312985517e-06,1.496986650567138411e-06,9.076385498155243512e-07,1.015598331916876368e-06,9.896263472699697143e-07,1.157899592889453377e-06,1.055530965709442274e-06,1.223428256237046634e-06,1.050674762355698238e-06,1.416142887599218547e-06,9.385968443580242968e-07,1.400347346424345901e-06,9.193090417323619510e-07,1.247887038365966661e-06,9.969904272752764398e-07,1.433043277304462024e-06,8.267168909030905689e-07,1.058504031048072528e-06,1.523453210546294108e-06,7.107589568434985083e-07,7.901137002450167743e-07,4.058792267184980569e-07,9.952974087407277113e-07,3.652205140135843925e-07,1.016832833263476520e-06,6.523407939960567954e-07,2.585937615824093982e-07,1.073661408590924455e-06,1.049289236588455364e-06,0.000000000000000000e+00,5.431674562877383055e-07,8.363399797743373106e-07,0.000000000000000000e+00,1.388581780156944520e-06,0.000000000000000000e+00,7.359602910576844035e-07,1.116425809609046907e-06,1.008377576498499141e-06,1.230194527651651500e-06,6.792383155366381092e-07,1.372306354748055394e-06,1.153709367977519490e-06,1.357380817946919620e-06,1.025943032138167195e-06,nan,1.346084453427788855e-06,1.297678373399062723e-06,nan,nan,nan,nan,nan,nan,nan,nan,nan
7.364268181531378746e-07,9.627838085210731150e-07,9.076385498155243512e-07,1.345905307699474073e-06,9.290121629371561805e-07,9.555773164718942202e-07,1.079016303234861821e-06,1.073054232831356633e-06,1.241186503420299581e-06,1.024591498915667788e-06,1.290817562892847012e-06,8.411998423799345617e-07,1.377630575205894019e-06,8.937776963845800700e-07,1.182246199025052341e-06,9.306641167903553245e-07,1.348850226992885652e-06,7.807293772579095088e-07,1.011471323304808431e-06,1.487374308761205554e-06,6.597405219690100733e-07,7.457157007190016961e-07,3.636552944070126097e-07,9.358373442517181225e-07,3.078749007031649341e-07,9.964516584631200134e-07,6.262682668107352748e-07,2.112506335585818682e-07,1.060699333132123036e-06,9.101856264366643720e-07,0.000000000000000000e+00,4.662778664933263930e-07,7.658876478957918948e-07,0.000000000000000000e+00,1.367963446698143013e-06,0.000000000000000000e+00,5.143128837516267892e-07,1.069970080546707692e-06,8.792172165900089191e-07,1.222019200718907451e-06,5.873485955806483520e-07,1.328591399471380936e-06,1.145652552326377185e-06,1.368025794876275957e-06,1.000224796955117871e-06,nan,1.118649783788165675e-06,1.284126542601837292e-06,nan,nan,nan,nan,nan,nan,nan,nan,nan
8.221170657983147884e-07,1.085464968245288462e-06,1.015598331916876368e-06,9.290121629371561805e-07,1.637048598353922401e-06,1.034032934890076201e-06,1.207817437879185834e-06,1.161297723599445536e-06,1.364839784393572742e-06,1.149540840667821831e-06,1.478338538851727553e-06,9.171903256957991689e-07,1.526468767982522230e-06,9.889115865069456869e-07,1.309390375444835483e-06,1.028477461699935363e-06,1.504261027819403068e-06,8.479443805133808605e-07,1.107298105407539715e-06,1.641181351585461404e-06,7.350018825309921448e-07,8.241820005959586319e-07,3.836269135653899660e-07,1.035411941178635945e-06,3.191584958294982540e-07,1.111100433375471732e-06,6.957881299619960717e-07,2.113840515954286214e-07,1.175389292990390644e-06,9.787022764665557462e-07,0.000000000000000000e+00,5.544810320712501458e-07,8.433989665670632560e-07,0.000000000000000000e+00,1.528220540133247185e-06,0.000000000000000000e+00,4.601623494250114969e-07,1.175108027833631597e-06,9.633591420124064681e-07,1.426499228684039642e-06,6.390485624604886344e-07,1.478441123436997314e-06,1.263711122591298849e-06,1.491037514779205644e-06,1.115724291266011216e-06,nan,1.335673433945693076e-06,1.451905806957573198e-06,nan,nan,nan,nan,nan,nan,nan,nan,nan
8.304795248748308510e-07,1.109303151921149186e-06,9.896263472699697143e-07,9.555773164718942202e-07,1.034032934890076201e-06,1.604109922983900148e-06,1.167160474080978046e-06,1.159992735884121894e-06,1.382746105953565098e-06,1.133759755164434367e-06,1.467295326463383458e-06,1.002174910044748489e-06,1.483923422138363403e-06,1.003907245654389656e-06,1.342606137885665689e-06,1.041006879204913294e-06,1.515942085189279306e-06,9.135789339690627071e-07,1.123231202939199449e-06,1.547368611198425894e-06,7.538486488069776688e-07,8.633425205895208853e-07,4.427907303731140007e-07,1.040033625859773484e-06,3.777567584721213497e-07,1.110746840231420931e-06,7.038036697221213267e-07,2.599189236908602135e-07,1.160274576071993806e-06,1.063608386218320414e-06,0.000000000000000000e+00,5.496520181056055431e-07,8.665454382563876175e-07,0.000000000000000000e+00,1.490594936285711857e-06,0.000000000000000000e+00,9.498614080689257003e-07,1.170806370961497910e-06,9.966663480670975338e-07,1.366419176245726857e-06,5.730286967762218114e-07,1.459967105090416317e-06,1.276561517664761874e-06,1.451124483958054134e-06,1.072970337155733370e-06,nan,1.315365143036736893e-06,1.428809058120851714e-06,nan,nan,nan,nan,nan,nan,nan,nan,nan
9.353799874070818189e-07,1.237351686262703325e-06,1.157899592889453377e-06,1.079016303234861821e-06,1.207817437879185834e-06,1.167160474080978046e-06,2.104568399572711554e-06,1.271145959829994618e-06,1.543359304254060214e-06,1.260552195157659688e-06,1.657108143192649578e-06,1.042077980046237308e-06,1.750877689593132386e-06,1.070068592767572919e-06,1.403665295431203722e-06,1.158204769117710286e-06,1.733237333544520412e-06,9.406897970643974727e-07,1.235906530511744557e-06,1.887481590916093722e-06,7.924345274880214403e-07,9.059147052020637971e-07,4.510895358629325021e-07,1.163648435387327211e-06,3.950395391436621787e-07,1.212329517031529371e-06,8.207430584823682745e-07,3.139955061303508890e-07,1.310380047538583064e-06,1.150495424823778461e-06,0.000000000000000000e+00,6.066096994538837400e-07,9.328452850940054514e-07,0.000000000000000000e+00,1.667094413341843282e-06,0.000000000000000000e+00,4.708809474793750003e-07,1.307208912990748486e-06,1.128989161370302344e-06,1.557756361494825559e-06,7.052267701673808625e-07,1.671575524689336965e-06,1.410414906905725710e-06,1.665108583934378198e-06,1.224120931610755086e-06,nan,1.482515258918751724e-06,1.649840445073604127e-06,nan,nan,nan,nan,nan,nan,nan,nan,nan
8.771719955794885875e-07,1.214162498220338333e-06,1.055530965709442274e-06,1.073054232831356633e-06,1.161297723599445536e-06,1.159992735884121894e-06,1.271145959829994618e-06,2.720075803244642184e-06,1.581406833633620796e-06,1.321988832271976925e-06,1.747972248869686794e-06,1.066005028945375237e-06,1.793675004826056428e-06,1.144417673109943026e-06,1.449175135458551601e-06,1.209099181087236864e-06,1.762157150626261257e-06,1.009085988328027693e-06,1.318437945942242259e-06,1.905349792822783014e-06,9.060332480437258496e-07,1.099202034600111159e-06,4.718190622561670470e-07,1.220983325272556154e-06,3.827587329979144236e-07,1.371204257005882201e-06,7.102191019165449551e-07,2.476468665476389191e-07,1.348885030567908302e-06,1.260252648379073498e-06,0.000000000000000000e+00,6.109459666159912966e-07,9.930212792060738664e-07,0.000000000000000000e+00,1.840556751977180544e-06,0.000000000000000000e+00,4.323710599439656274e-07,1.451060025680635134e-06,1.186346948815802232e-06,1.543680554224761371e-06,8.037378879376712239e-07,1.659528065470075764e-06,1.447426911227420726e-06,1.842294057538757914e-06,1.268761638029227718e-06,nan,1.469034043448570406e-06,1.621046502045544264e-06,nan,nan,nan,nan,nan,nan,nan,nan,nan
1.081263163192041872e-06,1.509278520174016041e-06,1.223428256237046634e-06,1.241186503420299581e-06,1.364839784393572742e-06,1.382746105953565098e-06,1.543359304254060214e-06,1.581406833633620796e-06,2.573706710348949211e-06,1.544123273395548505e-06,1.932505227567646047e-06,1.182751658658478654e-06,2.033404917927166743e-06,1.310092711875269096e-06,1.712159846204374780e-06,1.347154077297218311e-06,1.955536243967378148e-06,1.080764388735185933e-06,1.442781584109689372e-06,2.161134503796312885e-06,9.407443629158682834e-07,1.138938204510667802e-06,4.744705027200990324e-07,1.349083998323251600e-06,4.243509268050098780e-07,1.489897864141980299e-06,8.632724455734940882e-07,2.824033416212549756e-07,1.527155864039246798e-06,1.335718442042454733e-06,0.000000000000000000e+00,6.417525907559988334e-07,1.092114732086413206e-06,0.000000000000000000e+00,2.072495766492391426e-06,0.000000000000000000e+00,6.257135205533066105e-07,1.577280247940446013e-06,1.258947107190424039e-06,1.882002574549300189e-06,7.995688566430004301e-07,2.001101032292594538e-06,1.756365952648190670e-06,2.009304868731568224e-06,1.435279453134972106e-06,nan,1.649413677945551768e-06,1.951109740250711180e-06,nan,nan,nan,nan,nan,nan,nan,nan,nan
9.184125711773401502e-07,1.234379153476391305e-06,1.050674762355698238e-06,1.024591498915667788e-06,1.149540840667821831e-06,1.133759755164434367e-06,1.260552195157659688e-06,1.321988832271976925e-06,1.544123273395548505e-06,2.150473161680428704e-06,1.652841460247375891e-06,1.069826800458847837e-06,1.697366036852980685e-06,1.079283890435566142e-06,1.435732961872021160e-06,1.222084716130671935e-06,1.678791283657923480e-06,9.554399543048798509e-07,1.284190731829503460e-06,1.837158724757200813e-06,8.435897104721506758e-07,9.800873980621380933e-07,4.551183987894500863e-07,1.210006279485246404e-06,3.783198807976180016e-07,1.267817284987332918e-06,7.775885790349399473e-07,3.407618313942152879e-07,1.322811287061268468e-06,1.166302322668588000e-06,0.000000000000000000e+00,6.074679147231841071e-07,1.016409301731439512e-06,0.000000000000000000e+00,1.778784314136273919e-06,0.000000000000000000e+00,3.555901281903190497e-07,1.370079581999926800e-06,1.166881166435079610e-06,1.522968159052930325e-06,7.323333889444979068e-07,1.612671901611280240e-06,1.438239733961374432e-06,1.729688393443693506e-06,1.249968694762870737e-06,nan,1.519604905300580580e-06,1.594714921459237098e-06,nan,nan,nan,nan,nan,nan,nan,nan,nan
1.168483980804899652e-06,1.513022958815847327e-06,1.416142887599218547e-06,1.290817562892847012e-06,1.478338538851727553e-06,1.467295326463383458e-06,1.657108143192649578e-06,1.747972248869686794e-06,1.932505227567646047e-06,1.652841460247375891e-06,5.393183667246301541e-06,1.308283740925741076e-06,2.325273920498444420e-06,1.327232152628685355e-06,1.778879789349841846e-06,1.479359849628315397e-06,2.253457186511564721e-06,1.210205500110768951e-06,1.586021916267766198e-06,2.585369621050585308e-06,1.046562636530405311e-06,1.304829972941665026e-06,5.540680324219483962e-07,1.498262941528299583e-06,5.175708550841199798e-07,1.669989592076532434e-06,8.755843422096698609e-07,3.816108130706033444e-07,1.642811494303670574e-06,1.491039219698705476e-06,0.000000000000000000e+00,7.693064248728882007e-07,1.207393331906958543e-06,0.000000000000000000e+00,2.223233500792025914e-06,0.000000000000000000e+00,4.218235146598030274e-07,1.756521333623616175e-06,1.582260602784685071e-06,1.991336291153781725e-06,1.069840745907199821e-06,2.110676104616790016e-06,1.770570815929241462e-06,2.192447140428320709e-06,1.584230718903084349e-06,nan,2.126816244468310715e-06,2.153977318412332390e-06,nan,nan,nan,nan,nan,nan,nan,nan,nan
6.992608215723846215e-07,9.315362410563752952e-07,9.385968443580242968e-07,8.411998423799345617e-07,9.171903256957991689e-07,1.002174910044748489e-06,1.042077980046237308e-06,1.066005028945375237e-06,1.182751658658478654e-06,1.069826800458847837e-06,1.308283740925741076e-06,1.769438733179526467e-06,1.359883457807367154e-06,9.394155033824378867e-07,1.240851990891123516e-06,1.047694269465222689e-06,1.408521075769434827e-06,1.045135641310681273e-06,1.157357242746669532e-06,1.472754358153018549e-06,8.279312707302728211e-07,9.906495291220520268e-07,4.813344146033234170e-07,1.068558814212820754e-06,4.286417536504632405e-07,1.074441518406543077e-06,7.212630598676431848e-07,2.750042951255319009e-07,1.059055267401762118e-06,1.169167029942697168e-06,0.000000000000000000e+00,6.000550839145981107e-07,8.822834222019648505e-07,0.000000000000000000e+00,1.324197698452471104e-06,0.000000000000000000e+00,7.329254780903920675e-07,1.218218966925150157e-06,1.091044305418311781e-06,1.159017632201034639e-06,7.828572501152539604e-07,1.290065686241290654e-06,1.155725321418742444e-06,1.362233538387624471e-06,9.564398423173605502e-07,nan,1.402760283035685250e-06,1.218243422625141239e-06,nan,nan,nan,nan,nan,nan,nan,nan,nan
1.196849195165658857e-06,1.579476547493070187e-06,1.400347346424345901e-06,1.377630575205894019e-06,1.526468767982522230e-06,1.483923422138363403e-06,1.750877689593132386e-06,1.793675004826056428e-06,2.033404917927166743e-06,1.697366036852980685e-06,2.325273920498444420e-06,1.359883457807367154e-06,5.148787956266766760e-06,1.416634609685855485e-06,1.917342514657174432e-06,1.546736927554861811e-06,2.347400656426112643e-06,1.228002649377981371e-06,1.622373501035448576e-06,2.950217121468029215e-06,1.116364566186607729e-06,1.262128426131371152e-06,5.333968090603870075e-07,1.589341382956852198e-06,4.737200098226617603e-07,1.651127149851503240e-06,9.983929330110191910e-07,3.959311732684141985e-07,1.794163385193804702e-06,1.622670792526382562e-06,0.000000000000000000e+00,7.496344508970604259e-07,1.236593012587685228e-06,0.000000000000000000e+00,2.375855899450259203e-06,0.000000000000000000e+00,7.136179351420529116e-07,1.784528582937411307e-06,1.534647638870594759e-06,2.057308681050411825e-06,1.017242477090263438e-06,2.252914169971637109e-06,1.851149097015850590e-06,2.399300638282181439e-06,1.633313638682877982e-06,nan,2.092652573381080657e-06,2.245459444310970980e-06,nan,nan,nan,nan,nan,nan,nan,nan,nan
7.513299550196582987e-07,1.033378303764595986e-06,9.193090417323619510e-07,8.937776963845800700e-07,9.889115865069456869e-07,1.003907245654389656e-06,1.070068592767572919e-06,1.144417673109943026e-06,1.310092711875269096e-06,1.079283890435566142e-06,1.327232152628685355e-06,9.394155033824378867e-07,1.416634609685855485e-06,1.413062441490095053e-06,1.308224518723080292e-06,1.028424677835402356e-06,1.397235168882349806e-06,8.626155713493435508e-07,1.094953993859162009e-06,1.500196816159257379e-06,7.724163942920598977e-07,8.891039948401617862e-07,4.053127195274157956e-07,1.003690207044629709e-06,3.682422378335893522e-07,1.082025856615989210e-06,7.111964070511823416e-07,2.139828056851802226e-07,1.106187444444700000e-06,9.999909242822416083e-07,0.000000000000000000e+00,5.299120867310965913e-07,8.271847814401559642e-07,0.000000000000000000e+00,1.434181048465473442e-06,0.000000000000000000e+00,5.396337525954065905e-07,1.167036878417088080e-06,9.693342122395216386e-07,1.279179660661241651e-06,6.726385755988739847e-07,1.363760293472561198e-06,1.208789692839449945e-06,1.484998837260876923e-06,1.030850091465871994e-06,nan,1.294273840414708828e-06,1.339130632439152454e-06,nan,nan,nan,nan,nan,nan,nan,nan,nan
1.000566110414445058e-06,1.327027521520129421e-06,1.247887038365966661e-06,1.182246199025052341e-06,1.309390375444835483e-06,1.342606137885665689e-06,1.403665295431203722e-06,1.449175135458551601e-06,1.712159846204374780e-06,1.435732961872021160e-06,1.778879789349841846e-06,1.240851990891123516e-06,1.917342514657174432e-06,1.308224518723080292e-06,2.555226145693613241e-06,1.316146559302621368e-06,1.868521268812324554e-06,1.156317587775152040e-06,1.414642977681321664e-06,1.980638398466979314e-06,9.764084850817086657e-07,1.134187432319579624e-06,5.252308304516684527e-07,1.320071165678673693e-06,4.374854470030978474e-07,1.422443181420572368e-06,8.591410311192193945e-07,3.194313924156404595e-07,1.455814147298133859e-06,1.343878250767862517e-06,0.000000000000000000e+00,6.948219933843297127e-07,1.068232384681372728e-06,0.000000000000000000e+00,1.899659871834818110e-06,0.000000000000000000e+00,9.995238391761151919e-07,1.530139868132718164e-06,1.271416826306769565e-06,1.673470896787434052e-06,8.220925242888126341e-07,1.810772883246572863e-06,1.570137703383125584e-06,1.883209132254350774e-06,1.325038885894013144e-06,nan,1.662018228502364210e-06,1.708699956443963101e-06,nan,nan,nan,nan,nan,nan,nan,nan,nan
8.125309300018273901e-07,1.085137112561621537e-06,9.969904272752764398e-07,9.306641167903553245e-07,1.028477461699935363e-06,1.041006879204913294e-06,1.158204769117710286e-06,1.209099181087236864e-06,1.347154077297218311e-06,1.222084716130671935e-06,1.479359849628315397e-06,1.047694269465222689e-06,1.546736927554861811e-06,1.028424677835402356e-06,1.316146559302621368e-06,2.204532501565442642e-06,1.579566307846222919e-06,9.369920473884606804e-07,1.235628855174981585e-06,1.630946425644476749e-06,8.394234318147988308e-07,9.975577540245419847e-07,4.603199030772579818e-07,1.143606721192410600e-06,4.454294392115029776e-07,1.223949547413997619e-06,7.565538768029886762e-07,3.121852881004456122e-07,1.226782083748072993e-06,1.157879762932677533e-06,0.000000000000000000e+00,6.024341885623279950e-07,9.776051151809738748e-07,0.000000000000000000e+00,1.543976126239050236e-06,0.000000000000000000e+00,8.530818737597702676e-07,1.290095045731473371e-06,1.140625825300316497e-06,1.340217618187797641e-06,7.745820816641318225e-07,1.421306871359159220e-06,1.290737524980282394e-06,1.606244251085746923e-06,1.140888675580541405e-06,nan,1.435786274836360813e-06,1.387054900859465601e-06,nan,nan,nan,nan,nan,nan,nan,nan,nan
1.187138179311073631e-06,1.540232539340271843e-06,1.433043277304462024e-06,1.348850226992885652e-06,1.504261027819403068e-06,1.515942085189279306e-06,1.733237333544520412e-06,1.762157150626261257e-06,1.955536243967378148e-06,1.678791283657923480e-06,2.253457186511564721e-06,1.408521075769434827e-06,2.347400656426112643e-06,1.397235168882349806e-06,1.868521268812324554e-06,1.579566307846222919e-06,6.087370624795968402e-06,1.336363402558322657e-06,1.711478860757405867e-06,2.538888576776954962e-06,1.138518625186327232e-06,1.315594250404577930e-06,6.678089793127790368e-07,1.584052660690216458e-06,5.604415178494442432e-07,1.698475238907716806e-06,1.047619507157791298e-06,4.349636142915449874e-07,1.711876059045505731e-06,1.538161498694476846e-06,0.000000000000000000e+00,8.208343204915357863e-07,1.313591539560904499e-06,0.000000000000000000e+00,2.210404949649468547e-06,0.000000000000000000e+00,9.326453253629303895e-07,1.775929818450669355e-06,1.571281045712187265e-06,1.951953496932800097e-06,1.067180899741714971e-06,2.179847009666893634e-06,1.812988241560709615e-06,2.244494775718213702e-06,1.589796856646034608e-06,nan,2.142803529116028731e-06,2.180099219607663044e-06,nan,nan,nan,nan,nan,nan,nan,nan,nan
6.384856934420233912e-07,8.442874717512685499e-07,8.267168909030905689e-07,7.807293772579095088e-07,8.479443805133808605e-07,9.135789339690627071e-07,9.406897970643974727e-07,1.009085988328027693e-06,1.080764388735185933e-06,9.554399543048798509e-07,1.210205500110768951e-06,1.045135641310681273e-06,1.228002649377981371e-06,8.626155713493435508e-07,1.156317587775152040e-06,9.369920473884606804e-07,1.336363402558322657e-06,1.818826238480231206e-06,1.070805943605742951e-06,1.353543439042357117e-06,7.737594261245373456e-07,8.990561878577390109e-07,4.538041776890215038e-07,9.748536969189012951e-07,3.768823804481027976e-07,9.943323248898130844e-07,7.119448068601869698e-07,2.890435939763575770e-07,9.552091724107239492e-07,1.090617031045095436e-06,0.000000000000000000e+00,5.679619531475248189e-07,8.107844293474864625e-07,0.000000000000000000e+00,1.238140876110215606e-06,0.000000000000000000e+00,1.108353948937768675e-06,1.114469758833353652e-06,9.589654849615367603e-07,1.036070928904735496e-06,6.948254182265661568e-07,1.164292240347840675e-06,1.028638171724411866e-06,1.270487854025849898e-06,8.937081029080973233e-07,nan,1.274385441104880941e-06,1.112734585396727728e-06,nan,nan,nan,nan,nan,nan,nan,nan,nan
8.511336216641267487e-07,1.165130149692282849e-06,1.058504031048072528e-06,1.011471323304808431e-06,1.107298105407539715e-06,1.123231202939199449e-06,1.235906530511744557e-06,1.318437945942242259e-06,1.442781584109689372e-06,1.284190731829503460e-06,1.586021916267766198e-06,1.157357242746669532e-06,1.622373501035448576e-06,1.094953993859162009e-06,1.414642977681321664e-06,1.235628855174981585e-06,1.711478860757405867e-06,1.070805943605742951e-06,2.120862539515386566e-06,1.778386774289186871e-06,9.254990018189616912e-07,1.097827095078468737e-06,5.139529575145486920e-07,1.255073179380156929e-06,4.563256302832491813e-07,1.334224812366189791e-06,8.051313512557478748e-07,3.373887171345429618e-07,1.298459523535139493e-06,1.257433415034411565e-06,0.000000000000000000e+00,6.436516909486003098e-07,1.019820526789997016e-06,0.000000000000000000e+00,1.676119240985437336e-06,0.000000000000000000e+00,8.883958054032041641e-07,1.405039719016799919e-06,1.252318346451506163e-06,1.444047411631351885e-06,8.821286975527503120e-07,1.565896791140128279e-06,1.410389351995597120e-06,1.724721141464340402e-06,1.194931998063951003e-06,nan,1.551113025915071066e-06,1.491349879163313466e-06,nan,nan,nan,nan,nan,nan,nan,nan,nan
1.288709226200553316e-06,1.667777785199610866e-06,1.523453210546294108e-06,1.487374308761205554e-06,1.641181351585461404e-06,1.547368611198425894e-06,1.887481590916093722e-06,1.905349792822783014e-06,2.161134503796312885e-06,1.837158724757200813e-06,2.585369621050585308e-06,1.472754358153018549e-06,2.950217121468029215e-06,1.500196816159257379e-06,1.980638398466979314e-06,1.630946425644476749e-06,2.538888576776954962e-06,1.353543439042357117e-06,1.778386774289186871e-06,7.058463141870872976e-06,1.193821268534112691e-06,1.389543460528863753e-06,5.959338201760558544e-07,1.674297935217655099e-06,4.822193323851473088e-07,1.742386927194204693e-06,1.084880203561080189e-06,4.856318706854465320e-07,1.898850288387502776e-06,1.617011275501268451e-06,0.000000000000000000e+00,8.285525154574796448e-07,1.344722116390613677e-06,0.000000000000000000e+00,2.449596728765904774e-06,0.000000000000000000e+00,3.539609912169057844e-07,1.957951582714200024e-06,1.616728044517455389e-06,2.194323166344646134e-06,1.050292475514445297e-06,2.430250547079343819e-06,1.977349994246132937e-06,2.506586721740290138e-06,1.838305342479758765e-06,nan,2.365194567459660761e-06,2.460040723376003616e-06,nan,nan,nan,nan,nan,nan,nan,nan,nan
5.415540069665423629e-07,7.229696749838648763e-07,7.107589568434985083e-07,6.597405219690100733e-07,7.350018825309921448e-07,7.538486488069776688e-07,7.924345274880214403e-07,9.060332480437258496e-07,9.407443629158682834e-07,8.435897104721506758e-07,1.046562636530405311e-06,8.279312707302728211e-07,1.116364566186607729e-06,7.724163942920598977e-07,9.764084850817086657e-07,8.394234318147988308e-07,1.138518625186327232e-06,7.737594261245373456e-07,9.254990018189616912e-07,1.193821268534112691e-06,1.589499536915647271e-06,8.291197140468637625e-07,3.899169424340591335e-07,8.861838523090874662e-07,3.158124024993094036e-07,9.463426947600633307e-07,6.082238186474837993e-07,2.126247004000909140e-07,8.502367798674377966e-07,9.014062353730528155e-07,0.000000000000000000e+00,4.661974786999508532e-07,7.268928449893370890e-07,0.000000000000000000e+00,1.083490899041365067e-06,0.000000000000000000e+00,4.591031605240581758e-07,9.666715987268255118e-07,8.451204767203388605e-07,9.054120012144613953e-07,6.139283097906952499e-07,1.007831439028149576e-06,9.217619912131140050e-07,1.188505873494190948e-06,8.380373949298646980e-07,nan,1.096169006484449055e-06,9.359687407695577203e-07,nan,nan,nan,nan,nan,nan,nan,nan,nan
6.325686822673919853e-07,8.702322392505257703e-07,7.901137002450167743e-07,7.457157007190016961e-07,8.241820005959586319e-07,8.633425205895208853e-07,9.059147052020637971e-07,1.099202034600111159e-06,1.138938204510667802e-06,9.800873980621380933e-07,1.304829972941665026e-06,9.906495291220520268e-07,1.262128426131371152e-06,8.891039948401617862e-07,1.134187432319579624e-06,9.975577540245419847e-07,1.315594250404577930e-06,8.990561878577390109e-07,1.097827095078468737e-06,1.389543460528863753e-06,8.291197140468637625e-07,2.896520971009774841e-06,4.506380780615270241e-07,9.905113497896408171e-07,3.758035117095850641e-07,1.109374357563897325e-06,7.133446255589556678e-07,2.539083886303038488e-07,9.886960000231793225e-07,1.080542719540154104e-06,0.000000000000000000e+00,5.309810912128289868e-07,8.127475477989790385e-07,0.000000000000000000e+00,1.286865925987928695e-06,0.000000000000000000e+00,8.466305754578422980e-07,1.164765684074961867e-06,1.101641415457473344e-06,1.098124050173180455e-06,7.832986388599348626e-07,1.208415562649359663e-06,1.098493023872773159e-06,1.397955535218778401e-06,9.643939511963898901e-07,nan,1.355047445655569405e-06,1.137655035403947868e-06,nan,nan,nan,nan,nan,nan,nan,nan,nan
3.671036737905887176e-07,3.915235277764241060e-07,4.058792267184980569e-07,3.636552944070126097e-07,3.836269135653899660e-07,4.427907303731140007e-07,4.510895358629325021e-07,4.718190622561670470e-07,4.744705027200990324e-07,4.551183987894500863e-07,5.540680324219483962e-07,4.813344146033234170e-07,5.333968090603870075e-07,4.053127195274157956e-07,5.252308304516684527e-07,4.603199030772579818e-07,6.678089793127790368e-07,4.538041776890215038e-07,5.139529575145486920e-07,5.959338201760558544e-07,3.899169424340591335e-07,4.506380780615270241e-07,8.387228197654893939e-07,4.756673790654457280e-07,2.875390987039326629e-07,4.830664729925994875e-07,4.345284077298615089e-07,2.510829282916136734e-07,4.730582089812049646e-07,5.229239950571428672e-07,0.000000000000000000e+00,3.840577016652715726e-07,4.382647407600585955e-07,0.000000000000000000e+00,5.886549401257296466e-07,0.000000000000000000e+00,9.268135617773819830e-07,5.647778593770714549e-07,5.646064965734082903e-07,4.625120457751367746e-07,4.855250756470210018e-07,5.678050513454814401e-07,4.954205796758270029e-07,6.252156916107595874e-07,4.377170468855716851e-07,nan,6.024637472589457503e-07,5.440286530992373933e-07,nan,nan,nan,nan,nan,nan,nan,nan,nan
8.197243715939766243e-07,1.057610683638591633e-06,9.952974087407277113e-07,9.358373442517181225e-07,1.035411941178635945e-06,1.040033625859773484e-06,1.163648435387327211e-06,1.220983325272556154e-06,1.349083998323251600e-06,1.210006279485246404e-06,1.498262941528299583e-06,1.068558814212820754e-06,1.589341382956852198e-06,1.003690207044629709e-06,1.320071165678673693e-06,1.143606721192410600e-06,1.584052660690216458e-06,9.748536969189012951e-07,1.255073179380156929e-06,1.674297935217655099e-06,8.861838523090874662e-07,9.905113497896408171e-07,4.756673790654457280e-07,2.016147822536833069e-06,3.978640648040487406e-07,1.196431148163603999e-06,7.889050150586996585e-07,3.080499511731312480e-07,1.194588471640198477e-06,1.186606893796601785e-06,0.000000000000000000e+00,6.324928790027586629e-07,9.606947396252348756e-07,0.000000000000000000e+00,1.610045212150563008e-06,0.000000000000000000e+00,7.727699946728550562e-07,1.310037539328557585e-06,1.172043449898563172e-06,1.347854869006449014e-06,8.023196604958125203e-07,1.449437906972335075e-06,1.285969128933142403e-06,1.645898200573899573e-06,1.117651127308710440e-06,nan,1.513361759756220502e-06,1.410833738030684293e-06,nan,nan,nan,nan,nan,nan,nan,nan,nan
3.085642420711090385e-07,3.625073903472762987e-07,3.652205140135843925e-07,3.078749007031649341e-07,3.191584958294982540e-07,3.777567584721213497e-07,3.950395391436621787e-07,3.827587329979144236e-07,4.243509268050098780e-07,3.783198807976180016e-07,5.175708550841199798e-07,4.286417536504632405e-07,4.737200098226617603e-07,3.682422378335893522e-07,4.374854470030978474e-07,4.454294392115029776e-07,5.604415178494442432e-07,3.768823804481027976e-07,4.563256302832491813e-07,4.822193323851473088e-07,3.158124024993094036e-07,3.758035117095850641e-07,2.875390987039326629e-07,3.978640648040487406e-07,1.820955101804262957e-06,4.061169705559126532e-07,3.435854453803390903e-07,2.064630352052144393e-07,4.229968104714383004e-07,4.108108675612234166e-07,0.000000000000000000e+00,3.378973961933039353e-07,3.440553338661513111e-07,0.000000000000000000e+00,4.754714728550450332e-07,0.000000000000000000e+00,1.020188979191963640e-06,4.710085833380414544e-07,4.657005844118526665e-07,3.789422823964222686e-07,3.798597052087319502e-07,4.631617846883034058e-07,4.376470454806908592e-07,4.737630995278962845e-07,3.843556156859878539e-07,nan,5.831676841955989291e-07,4.414539593395069390e-07,nan,nan,nan,nan,nan,nan,nan,nan,nan
8.641780267007175737e-07,1.165682866235589946e-06,1.016832833263476520e-06,9.964516584631200134e-07,1.111100433375471732e-06,1.110746840231420931e-06,1.212329517031529371e-06,1.371204257005882201e-06,1.489897864141980299e-06,1.267817284987332918e-06,1.669989592076532434e-06,1.074441518406543077e-06,1.651127149851503240e-06,1.082025856615989210e-06,1.422443181420572368e-06,1.223949547413997619e-06,1.698475238907716806e-06,9.943323248898130844e-07,1.334224812366189791e-06,1.742386927194204693e-06,9.463426947600633307e-07,1.109374357563897325e-06,4.830664729925994875e-07,1.196431148163603999e-06,4.061169705559126532e-07,3.739287746062424790e-06,7.625816010405969929e-07,2.667807007255812956e-07,1.311012889188656984e-06,1.321124756069010906e-06,0.000000000000000000e+00,6.444835608267388927e-07,1.008971152714638691e-06,0.000000000000000000e+00,1.753701003617677785e-06,0.000000000000000000e+00,7.490943915245996250e-07,1.402751079443258304e-06,1.229373649625400058e-06,1.518096736875333946e-06,7.500595031431401819e-07,1.538560735752991485e-06,1.409808760675384524e-06,1.740485661440685911e-06,1.249446573456913412e-06,nan,1.640821822200748492e-06,1.510142620706391567e-06,nan,nan,nan,nan,nan,nan,nan,nan,nan
5.520600753834700154e-07,6.766557064702727584e-07,6.523407939960567954e-07,6.262682668107352748e-07,6.957881299619960717e-07,7.038036697221213267e-07,8.207430584823682745e-07,7.102191019165449551e-07,8.632724455734940882e-07,7.775885790349399473e-07,8.755843422096698609e-07,7.212630598676431848e-07,9.983929330110191910e-07,7.111964070511823416e-07,8.591410311192193945e-07,7.565538768029886762e-07,1.047619507157791298e-06,7.119448068601869698e-07,8.051313512557478748e-07,1.084880203561080189e-06,6.082238186474837993e-07,7.133446255589556678e-07,4.345284077298615089e-07,7.889050150586996585e-07,3.435854453803390903e-07,7.625816010405969929e-07,1.027265447766904661e-05,3.496738641582427163e-07,7.024969419997559175e-07,6.994076753600825178e-07,0.000000000000000000e+00,4.411983522443380994e-07,7.171774248904714899e-07,0.000000000000000000e+00,9.850117176585102389e-07,0.000000000000000000e+00,1.389244778163370989e-07,8.300089493533905677e-07,7.162988592298736431e-07,8.401581651188078996e-07,5.945697959778081710e-07,9.088092888158819419e-07,8.402634345763273029e-07,9.983012997409011876e-07,6.937337360708532525e-07,nan,9.024521501422317623e-07,8.092301089527551218e-07,nan,nan,nan,nan,nan,nan,nan,nan,nan
2.436010993603429569e-07,2.483750178819404268e-07,2.585937615824093982e-07,2.112506335585818682e-07,2.113840515954286214e-07,2.599189236908602135e-07,3.139955061303508890e-07,2.476468665476389191e-07,2.824033416212549756e-07,3.407618313942152879e-07,3.816108130706033444e-07,2.750042951255319009e-07,3.959311732684141985e-07,2.139828056851802226e-07,3.194313924156404595e-07,3.121852881004456122e-07,4.349636142915449874e-07,2.890435939763575770e-07,3.373887171345429618e-07,4.856318706854465320e-07,2.126247004000909140e-07,2.539083886303038488e-07,2.510829282916136734e-07,3.080499511731312480e-07,2.064630352052144393e-07,2.667807007255812956e-07,3.496738641582427163e-07,4.132860293635589511e-06,3.177273827051514937e-07,3.189382704225557202e-07,0.000000000000000000e+00,2.259284389918328959e-07,2.536516581734651782e-07,0.000000000000000000e+00,3.801418291750618367e-07,0.000000000000000000e+00,9.855623146148354037e-07,3.156089168504393866e-07,2.757823727531214253e-07,2.701317020893416248e-07,3.189852817328413726e-07,3.505033829607815391e-07,2.936825024959967555e-07,3.861776556379109397e-07,2.509827860068566617e-07,nan,4.461617076954682244e-07,3.288594323344496347e-07,nan,nan,nan,nan,nan,nan,nan,nan,nan
9.364523852697714377e-07,1.217262140263344942e-06,1.073661408590924455e-06,1.060699333132123036e-06,1.175389292990390644e-06,1.160274576071993806e-06,1.310380047538583064e-06,1.348885030567908302e-06,1.527155864039246798e-06,1.322811287061268468e-06,1.642811494303670574e-06,1.059055267401762118e-06,1.794163385193804702e-06,1.106187444444700000e-06,1.455814147298133859e-06,1.226782083748072993e-06,1.711876059045505731e-06,9.552091724107239492e-07,1.298459523535139493e-06,1.898850288387502776e-06,8.502367798674377966e-07,9.886960000231793225e-07,4.730582089812049646e-07,1.194588471640198477e-06,4.229968104714383004e-07,1.311012889188656984e-06,7.024969419997559175e-07,3.177273827051514937e-07,2.193346682028497117e-06,1.138774549433280126e-06,0.000000000000000000e+00,6.423021234282431815e-07,1.006279709907456451e-06,0.000000000000000000e+00,1.789907721357185704e-06,0.000000000000000000e+00,8.108702071626797358e-07,1.380095666172807087e-06,1.199624542157921038e-06,1.546490230594670135e-06,7.278281148673277119e-07,1.653274865187542941e-06,1.437794841260893609e-06,1.792872231843456965e-06,1.250524352299301171e-06,nan,1.547262496288122811e-06,1.644820915458442466e-06,nan,nan,nan,nan,nan,nan,nan,nan,nan
7.808005737686625648e-07,1.026061906647617353e-06,1.049289236588455364e-06,9.101856264366643720e-07,9.787022764665557462e-07,1.063608386218320414e-06,1.150495424823778461e-06,1.260252648379073498e-06,1.335718442042454733e-06,1.166302322668588000e-06,1.491039219698705476e-06,1.169167029942697168e-06,1.622670792526382562e-06,9.999909242822416083e-07,1.343878250767862517e-06,1.157879762932677533e-06,1.538161498694476846e-06,1.090617031045095436e-06,1.257433415034411565e-06,1.617011275501268451e-06,9.014062353730528155e-07,1.080542719540154104e-06,5.229239950571428672e-07,1.186606893796601785e-06,4.108108675612234166e-07,1.321124756069010906e-06,6.994076753600825178e-07,3.189382704225557202e-07,1.138774549433280126e-06,8.472390591865611601e-06,0.000000000000000000e+00,6.718580315199118802e-07,9.574426145850405036e-07,0.000000000000000000e+00,1.570981377806760099e-06,0.000000000000000000e+00,8.468300499762082633e-07,1.311978523851236152e-06,1.194838219600616685e-06,1.342276624767611917e-06,7.405151790845051400e-07,1.421730661853353112e-06,1.272704895502318678e-06,1.881881840670848312e-06,1.103781230249486159e-06,nan,1.589013516602952630e-06,1.341790701417467231e-06,nan,nan,nan,nan,nan,nan,nan,nan,nan
0.000000000000000000e+00,0.000000000000000000e+00,0.000000000000000000e+00,0.000000000000000000e+00,0.000000000000000000e+00,0.000000000000000000e+00,0.000000000000000000e+00,0.000000000000000000e+00,0.000000000000000000e+00,0.000000000000000000e+00,0.000000000000000000e+00,0.000000000000000000e+00,0.000000000000000000e+00,0.000000000000000000e+00,0.000000000000000000e+00,0.000000000000000000e+00,0.000000000000000000e+00,0.000000000000000000e+00,0.000000000000000000e+00,0.000000000000000000e+00,0.000000000000000000e+00,0.000000000000000000e+00,0.000000000000000000e+00,0.000000000000000000e+00,0.000000000000000000e+00,0.000000000000000000e+00,0.000000000000000000e+00,0.000000000000000000e+00,0.000000000000000000e+00,0.000000000000000000e+00,0.000000000000000000e+00,0.000000000000000000e+00,0.000000000000000000e+00,0.000000000000000000e+00,0.000000000000000000e+00,0.000000000000000000e+00,0.000000000000000000e+00,0.000000000000000000e+00,0.000000000000000000e+00,0.000000000000000000e+00,0.000000000000000000e+00,0.000000000000000000e+00,0.000000000000000000e+00,0.000000000000000000e+00,0.000000000000000000e+00,nan,0.000000000000000000e+00,0.000000000000000000e+00,nan,nan,nan,nan,nan,nan,nan,nan,nan
4.767605555401800590e-07,5.582343845800030688e-07,5.431674562877383055e-07,4.662778664933263930e-07,5.544810320712501458e-07,5.496520181056055431e-07,6.066096994538837400e-07,6.109459666159912966e-07,6.417525907559988334e-07,6.074679147231841071e-07,7.693064248728882007e-07,6.000550839145981107e-07,7.496344508970604259e-07,5.299120867310965913e-07,6.948219933843297127e-07,6.024341885623279950e-07,8.208343204915357863e-07,5.679619531475248189e-07,6.436516909486003098e-07,8.285525154574796448e-07,4.661974786999508532e-07,5.309810912128289868e-07,3.840577016652715726e-07,6.324928790027586629e-07,3.378973961933039353e-07,6.444835608267388927e-07,4.411983522443380994e-07,2.259284389918328959e-07,6.423021234282431815e-07,6.718580315199118802e-07,0.000000000000000000e+00,1.610523248996148572e-06,5.576389806340794559e-07,0.000000000000000000e+00,7.811039121381775726e-07,0.000000000000000000e+00,7.795468048353098683e-07,6.652403511859353216e-07,6.391492260061476598e-07,6.481658647455519862e-07,4.951865972165277929e-07,7.446874523279688824e-07,6.721224729577738029e-07,8.110758160800837860e-07,6.497659773395568133e-07,nan,7.898362682996768673e-07,7.172928912141936066e-07,nan,nan,nan,nan,nan,nan,nan,nan,nan
