2.157315580980991901e-06,2.458478419405127823e-06,2.454095400308056329e-06,2.502028117037513994e-06,1.751174059210768780e-06,2.693030789382361338e-06,2.634266090249234727e-06,2.257807410253650151e-06,3.402129780446423243e-06,1.249903983247992650e-06,1.810624512908774719e-06,2.053945648520755784e-06,1.720594127156002577e-06,1.693532074348915798e-06,2.867042067428323025e-06,2.461758127618989785e-06,2.743599982337092873e-06,2.600823015591939548e-06,3.277665087104595082e-06,1.880240596366370441e-06,1.258240207503367255e-06,1.504147033327233566e-06,1.021878329706270222e-06,2.596582210840903709e-06,4.957838689775674067e-07,2.880814232951934138e-06,7.403742610504035723e-08,1.400272539620542296e-07,7.842296308640759481e-07,2.342291717012337803e-06,0.000000000000000000e+00,6.264221712196972723e-07,1.067552060995956912e-06,0.000000000000000000e+00,2.290541698803229261e-06,0.000000000000000000e+00,-5.305708489340996339e-09,2.814431818267574439e-06,2.129959147756487744e-06,3.721670348621220202e-06,5.595317222740049754e-07,2.786205470229087940e-06,2.312572062321857039e-06,3.113654279651648065e-06,1.151043260928750328e-06,nan,3.531963879975559258e-07,2.296599728394271421e-06,nan,nan,nan,nan,nan,nan,nan,nan,nan
2.458478419405127823e-06,3.817104347900844997e-06,3.168507034866913369e-06,3.371408436440810480e-06,2.263164624159308464e-06,3.521993567136192280e-06,3.490951209310519791e-06,3.044133675378119398e-06,4.670707837915924223e-06,1.655406578533661038e-06,2.435048037943942896e-06,2.771919520016829871e-06,2.293104505176759096e-06,2.241971667453898397e-06,3.715689148290447043e-06,3.214243126817503286e-06,3.669706795022319712e-06,3.477961282623490300e-06,4.375578958067633240e-06,2.478940376989603020e-06,1.616833308439450052e-06,1.983671649219774689e-06,1.123938477309489823e-06,3.417844446377867955e-06,5.588045340529734243e-07,3.901424861807783884e-06,1.123617352300041756e-07,2.097731588947619295e-07,9.492398875930128574e-07,3.000750098773428495e-06,0.000000000000000000e+00,6.962235349237078833e-07,1.433765415387123648e-06,0.000000000000000000e+00,3.072999344047141835e-06,0.000000000000000000e+00,-1.884710322424527232e-08,3.738266034160054170e-06,2.708254047813254369e-06,4.914665747710335467e-06,6.568047341595245988e-07,3.578410078130143903e-06,3.155055937767285869e-06,4.139567699647831094e-06,1.471952846814501902e-06,nan,6.080012964977025649e-07,2.997715329711687381e-06,nan,nan,nan,nan,nan,nan,nan,nan,nan
2.454095400308056329e-06,3.168507034866913369e-06,4.757734909799475959e-06,3.587055519375405040e-06,2.400254669443676188e-06,3.664781335859872057e-06,3.719388489063944615e-06,3.215341884394654510e-06,4.506468672887547208e-06,1.800170370380686065e-06,2.695324311051262479e-06,2.933307252396465190e-06,2.512213990030892128e-06,2.500070548091312582e-06,4.050711665757495944e-06,3.396332375915700014e-06,3.836725983596662673e-06,3.659145411234652183e-06,4.580394125788808733e-06,2.761257044177914786e-06,1.854967576821571707e-06,2.181621583902458596e-06,1.236131026201826995e-06,3.647852123433871361e-06,6.330969402560630778e-07,4.074056928863734022e-06,1.399775779138487974e-07,2.110846427411737727e-07,1.131894300297694375e-06,3.212141326723346557e-06,0.000000000000000000e+00,7.683283572547161158e-07,1.441082267633777158e-06,0.000000000000000000e+00,3.123743705727939994e-06,0.000000000000000000e+00,-2.352688585911168265e-08,3.950423396622643825e-06,2.970715570824100098e-06,4.868412533971745300e-06,6.220464561518054534e-07,3.831845079612864800e-06,3.274399986476929624e-06,4.345896065047781755e-06,1.539784586909045765e-06,nan,3.102107712389989362e-07,3.066457404942921580e-06,nan,nan,nan,nan,nan,nan,nan,nan,nan
2.502028117037513994e-06,3.371408436440810480e-06,3.587055519375405040e-06,5.540486239690003513e-06,2.446411086246820500e-06,3.872971345450013087e-06,3.921349222670781572e-06,3.493559811898908110e-06,4.965912057282394193e-06,1.758832399994374647e-06,2.783399281947217610e-06,3.055951706564868471e-06,2.567631961900028401e-06,2.475715427157717983e-06,4.042845416098812391e-06,3.446874775790027693e-06,4.170301267258937288e-06,3.911378832136135791e-06,4.808316866468411939e-06,2.832785896910879206e-06,1.810399737118967959e-06,2.188149927507335694e-06,1.152440853890759368e-06,3.784228643564026057e-06,5.834443958580788889e-07,4.314163914164433120e-06,-7.398191219474398401e-09,1.561272849123804839e-07,9.295975550265416558e-07,3.194610168591767622e-06,0.000000000000000000e+00,6.325230018063075857e-07,1.418056794431353008e-06,0.000000000000000000e+00,3.283822399184408231e-06,0.000000000000000000e+00,-2.827803191089706769e-08,4.127026473014609030e-06,3.023947940313186847e-06,5.133158476601044387e-06,6.045679215094308093e-07,3.959693022123730192e-06,3.370060268160670724e-06,4.593117437776735729e-06,1.399451630223844958e-06,nan,1.400288957307744781e-07,3.169707729788121693e-06,nan,nan,nan,nan,nan,nan,nan,nan,nan
1.751174059210768780e-06,2.263164624159308464e-06,2.400254669443676188e-06,2.446411086246820500e-06,3.317982878966746417e-06,2.563854226068090334e-06,2.638841060241120546e-06,2.402516963561289020e-06,3.260265393687377481e-06,1.435573151357337980e-06,2.103824047286103342e-06,2.172855418556119738e-06,1.975958372853112093e-06,2.029808296063139161e-06,2.875538002421292838e-06,2.648288598051146022e-06,2.887372115206506893e-06,2.702910286728601892e-06,3.359591185622245318e-06,2.196383192140305359e-06,1.468739422419217440e-06,1.636931688514388196e-06,9.780631440409713352e-07,2.780833288201692695e-06,5.988345822556913684e-07,3.103630101780063188e-06,1.020213585905399615e-07,1.602758686288674319e-07,9.153781545966519227e-07,2.520881252699617497e-06,0.000000000000000000e+00,6.205429278656081680e-07,1.131828759182499537e-06,0.000000000000000000e+00,2.274074828331709667e-06,0.000000000000000000e+00,7.811325753905606096e-09,2.918467728688107885e-06,2.289165141767917218e-06,3.506294742247293792e-06,7.490381167519306662e-07,2.900656679629288840e-06,2.559677714100528492e-06,3.202108582190686402e-06,1.102970837167508867e-06,nan,3.605516655393364639e-07,2.261806475681875896e-06,nan,nan,nan,nan,nan,nan,nan,nan,nan
2.693030789382361338e-06,3.521993567136192280e-06,3.664781335859872057e-06,3.872971345450013087e-06,2.563854226068090334e-06,4.869489051832528264e-06,4.042126329980531186e-06,3.511976994529808713e-06,5.119945637281065172e-06,1.901001575812962726e-06,2.863427305564952159e-06,3.263124869086253411e-06,2.727245904636460117e-06,2.658320732286056849e-06,4.437487466583866090e-06,3.716837276783351998e-06,4.250289100016720055e-06,4.078077569240577072e-06,5.066298029605098778e-06,2.977443259022208332e-06,1.964513415028620879e-06,2.360260394974882181e-06,1.313797078626812441e-06,3.960281865314252379e-06,6.417246674555179545e-07,4.397324440961211245e-06,7.298042723666779114e-08,1.948408913938437903e-07,1.187113508620078423e-06,3.424666534341377942e-06,0.000000000000000000e+00,7.813137960176571482e-07,1.570769310310572585e-06,0.000000000000000000e+00,3.394225254049003784e-06,0.000000000000000000e+00,-1.356163751369395803e-08,4.310569416082012150e-06,3.178004347373775835e-06,5.356159516038344928e-06,8.093648669938644794e-07,4.229511908013806967e-06,3.551954514770137181e-06,4.767274437508250679e-06,1.640299852097051642e-06,nan,2.781456861247310084e-07,3.297267943003989565e-06,nan,nan,nan,nan,nan,nan,nan,nan,nan
2.634266090249234727e-06,3.490951209310519791e-06,3.719388489063944615e-06,3.921349222670781572e-06,2.638841060241120546e-06,4.042126329980531186e-06,5.417128220612853395e-06,3.591955764339680247e-06,5.148292181961031534e-06,1.964473349891549386e-06,2.970091564529367267e-06,3.300271622173873582e-06,2.763409982927702335e-06,2.697850373133252163e-06,4.333497102842883295e-06,3.801302921135996473e-06,4.384281301246774932e-06,4.152447244501583376e-06,5.085093210207582747e-06,3.120435810964284650e-06,2.009243105954124327e-06,2.372830395221135106e-06,1.312565510573112840e-06,4.092244525865006157e-06,6.543475199321097102e-07,4.626734889635134876e-06,1.210190656960457816e-07,1.860382339567267177e-07,1.161344592945446082e-06,3.512928244783501063e-06,0.000000000000000000e+00,7.917490452481244407e-07,1.610964157340433353e-06,0.000000000000000000e+00,3.421384649626563484e-06,0.000000000000000000e+00,1.041331223144854887e-08,4.438287066298495064e-06,3.229734675076516583e-06,5.473997279937701469e-06,8.753224998990242447e-07,4.201783858995181386e-06,3.617827318368323915e-06,4.785592437291105702e-06,1.686484976461652222e-06,nan,1.962508329170205013e-07,3.397322256783123373e-06,nan,nan,nan,nan,nan,nan,nan,nan,nan
2.257807410253650151e-06,3.044133675378119398e-06,3.215341884394654510e-06,3.493559811898908110e-06,2.402516963561289020e-06,3.511976994529808713e-06,3.591955764339680247e-06,5.053723746382552216e-06,4.593535418174603652e-06,1.974322847140815274e-06,2.896038558908783549e-06,3.112424137036773345e-06,2.669267357445100217e-06,2.569238156813231069e-06,3.981778459781627219e-06,3.591882774158469969e-06,4.053114692278739625e-06,3.814927316382294854e-06,4.837330614605685867e-06,2.962248168587187821e-06,1.980095033943808140e-06,2.423908531906851601e-06,1.201601351314789409e-06,3.957647319503347888e-06,6.876496332042142823e-07,4.379099059270598445e-06,1.088926995434059416e-07,1.974744152908442822e-07,1.124535103327509478e-06,3.259455471306417372e-06,0.000000000000000000e+00,7.620292486750713625e-07,1.505975260148584720e-06,0.000000000000000000e+00,3.186212807773569422e-06,0.000000000000000000e+00,2.655567317194838777e-08,4.160488498791657968e-06,3.212748233439176116e-06,4.785443068039519077e-06,9.299305350476664596e-07,3.890201451683428437e-06,3.458290605758867091e-06,4.565780338114882246e-06,1.472917450467037554e-06,nan,2.341319972919795203e-07,3.078193049701284947e-06,nan,nan,nan,nan,nan,nan,nan,nan,nan
3.402129780446423243e-06,4.670707837915924223e-06,4.506468672887547208e-06,4.965912057282394193e-06,3.260265393687377481e-06,5.119945637281065172e-06,5.148292181961031534e-06,4.593535418174603652e-06,8.136750330335974551e-06,2.501890562991027694e-06,3.688492609843370063e-06,4.154740388130812145e-06,3.538491002078693865e-06,3.376760907744396878e-06,5.494195660319687794e-06,4.871757289162166214e-06,5.483798998824760939e-06,5.267253807442690115e-06,6.562140836945986444e-06,3.840854352423499053e-06,2.508623486157723324e-06,3.022629683155098373e-06,1.616385053374697926e-06,5.192648805801238918e-06,8.445154976463087092e-07,5.719973761944310741e-06,9.309195984442525795e-08,2.228482910356461986e-07,1.445997669508851568e-06,4.389887149671401478e-06,0.000000000000000000e+00,1.019543949071709823e-06,2.002342635338897086e-06,0.000000000000000000e+00,4.491872543177898268e-06,0.000000000000000000e+00,1.646375611745578176e-08,5.659109928230462597e-06,4.118747196204675928e-06,7.041897144863246946e-06,1.051746821115921475e-06,5.397275333490049394e-06,4.702702533059336849e-06,6.178641426360993314e-06,2.170867120334529301e-06,nan,5.421628192462229362e-07,4.353774246765730171e-06,nan,nan,nan,nan,nan,nan,nan,nan,nan
1.249903983247992650e-06,1.655406578533661038e-06,1.800170370380686065e-06,1.758832399994374647e-06,1.435573151357337980e-06,1.901001575812962726e-06,1.964473349891549386e-06,1.974322847140815274e-06,2.501890562991027694e-06,3.635587738451309913e-06,1.890473114878489878e-06,1.852497300679854476e-06,1.698188524527487420e-06,1.808304444207948852e-06,2.235424803995406115e-06,2.311690572262655526e-06,2.345387020575026054e-06,2.234194300442984048e-06,2.780076551959958141e-06,2.053541792453864704e-06,1.522005089853572605e-06,1.587350114250223194e-06,9.513648118449450626e-07,2.377021728880082380e-06,5.083101454079584107e-07,2.652835225165927421e-06,1.301487271704471945e-07,1.259853696021858065e-07,9.551127611869863256e-07,2.221275109415085573e-06,0.000000000000000000e+00,7.038901692594413902e-07,1.189287909169474421e-06,0.000000000000000000e+00,1.826866509776363495e-06,0.000000000000000000e+00,-9.006982632450217938e-09,2.517038747057580717e-06,1.940240882621758538e-06,2.616063588344370436e-06,9.637606624301917432e-07,2.318786363991390564e-06,2.303767263929740010e-06,2.676854327915792294e-06,8.879696792088080509e-07,nan,6.796859397599124912e-07,1.829429973637529723e-06,nan,nan,nan,nan,nan,nan,nan,nan,nan
1.810624512908774719e-06,2.435048037943942896e-06,2.695324311051262479e-06,2.783399281947217610e-06,2.103824047286103342e-06,2.863427305564952159e-06,2.970091564529367267e-06,2.896038558908783549e-06,3.688492609843370063e-06,1.890473114878489878e-06,4.403859614557937768e-06,2.630381777213055164e-06,2.460955718654861831e-06,2.513015263733723558e-06,3.359737013935432804e-06,3.198196523629187003e-06,3.420945057023648743e-06,3.265588180860017138e-06,3.917318917061182536e-06,2.813313022543066956e-06,1.954246986118816109e-06,2.103734307638944810e-06,1.195505772281607755e-06,3.335324681310345802e-06,7.503481697380391507e-07,3.768249270768698899e-06,1.209756534984352038e-08,1.780488512264223596e-07,1.069665952976249361e-06,2.995674666535784942e-06,0.000000000000000000e+00,7.714658274995789358e-07,1.362433736838922029e-06,0.000000000000000000e+00,2.598205622972302156e-06,0.000000000000000000e+00,-3.905704738359116946e-10,3.552885168549498107e-06,2.799382900555343231e-06,3.786495675532574255e-06,9.760312974871584847e-07,3.385773652639367973e-06,3.099497005367818733e-06,3.769393119130873781e-06,1.352604901839382406e-06,nan,3.058178578039803040e-07,2.536731772831631612e-06,nan,nan,nan,nan,nan,nan,nan,nan,nan
2.053945648520755784e-06,2.771919520016829871e-06,2.933307252396465190e-06,3.055951706564868471e-06,2.172855418556119738e-06,3.263124869086253411e-06,3.300271622173873582e-06,3.112424137036773345e-06,4.154740388130812145e-06,1.852497300679854476e-06,2.630381777213055164e-06,4.800572054878200258e-06,2.475228905508438476e-06,2.471584746126720488e-06,3.724659585083057859e-06,3.324997585182401725e-06,3.728955269059395272e-06,3.666096583016140138e-06,4.395048666109586995e-06,2.791372559941601376e-06,1.833537194845873284e-06,2.207069666249073726e-06,1.159441112520625540e-06,3.616844346892838341e-06,5.924836969869747370e-07,3.949264309150912103e-06,1.065606105750340566e-07,1.547325670322202110e-07,1.052904216098733925e-06,3.125858908753939814e-06,0.000000000000000000e+00,7.338131861433703262e-07,1.415500772603501959e-06,0.000000000000000000e+00,2.846303927003151936e-06,0.000000000000000000e+00,-4.365656586239439473e-08,3.831619555259544211e-06,2.865227388000311221e-06,4.299111746673866479e-06,7.271157621828384089e-07,3.638181189260718445e-06,3.221084441324578106e-06,4.184464270158532070e-06,1.373501301515941974e-06,nan,2.924745402361910369e-07,2.818670322294967713e-06,nan,nan,nan,nan,nan,nan,nan,nan,nan
1.720594127156002577e-06,2.293104505176759096e-06,2.512213990030892128e-06,2.567631961900028401e-06,1.975958372853112093e-06,2.727245904636460117e-06,2.763409982927702335e-06,2.669267357445100217e-06,3.538491002078693865e-06,1.698188524527487420e-06,2.460955718654861831e-06,2.475228905508438476e-06,3.877431705606211796e-06,2.344850003253737819e-06,3.160087039165459550e-06,2.918934316597949871e-06,3.167265428591701744e-06,2.990382779532702081e-06,3.680199809192063855e-06,2.668424082095050278e-06,1.716954879437468320e-06,1.980028911719538021e-06,1.036378012390578759e-06,3.053826508915061454e-06,6.171961058894501870e-07,3.504261438895067486e-06,6.167461775597320135e-08,2.229384839081747890e-07,9.727108517515552838e-07,2.737902148746778798e-06,0.000000000000000000e+00,7.281954133558260005e-07,1.292765288217097729e-06,0.000000000000000000e+00,2.403292499677760118e-06,0.000000000000000000e+00,1.142216791991536079e-07,3.278015540026027034e-06,2.647655390776703205e-06,3.513000369639432411e-06,7.217120793897682388e-07,3.156163807053379652e-06,2.831415823884859765e-06,3.547169495023466293e-06,1.250310973969171511e-06,nan,3.431545694713936374e-07,2.385220610183204818e-06,nan,nan,nan,nan,nan,nan,nan,nan,nan
1.693532074348915798e-06,2.241971667453898397e-06,2.500070548091312582e-06,2.475715427157717983e-06,2.029808296063139161e-06,2.658320732286056849e-06,2.697850373133252163e-06,2.569238156813231069e-06,3.376760907744396878e-06,1.808304444207948852e-06,2.513015263733723558e-06,2.471584746126720488e-06,2.344850003253737819e-06,4.281304000106090129e-06,3.175568942107986033e-06,3.085786413780831298e-06,3.160707918503947548e-06,2.876758528713064992e-06,3.553494452540046331e-06,2.639776260010156325e-06,1.871208886870326585e-06,2.058880705515907956e-06,1.206178091074933010e-06,3.005910913565018388e-06,6.677752040025193221e-07,3.455469365225601228e-06,3.508946379821921549e-08,1.647902122053255609e-07,1.197516001281668198e-06,2.842966869568097080e-06,0.000000000000000000e+00,7.905970169568327434e-07,1.408480461409687074e-06,0.000000000000000000e+00,2.386592899663765000e-06,0.000000000000000000e+00,-6.286763673485176332e-10,3.186100482704650656e-06,2.591266194356373919e-06,3.633049699111480293e-06,8.985728790343552791e-07,3.254694414896828962e-06,2.961105241640369368e-06,3.423322341192390352e-06,1.131589431774695683e-06,nan,5.057680164984774185e-07,2.347031556774816453e-06,nan,nan,nan,nan,nan,nan,nan,nan,nan
2.867042067428323025e-06,3.715689148290447043e-06,4.050711665757495944e-06,4.042845416098812391e-06,2.875538002421292838e-06,4.437487466583866090e-06,4.333497102842883295e-06,3.981778459781627219e-06,5.494195660319687794e-06,2.235424803995406115e-06,3.359737013935432804e-06,3.724659585083057859e-06,3.160087039165459550e-06,3.175568942107986033e-06,7.318295537216290812e-06,4.204692554227041722e-06,4.785546697623079610e-06,4.532197546246268672e-06,5.513718234077186839e-06,3.429880848992946612e-06,2.352339534892199242e-06,2.692189044027608504e-06,1.522222912559810332e-06,4.473880381584304862e-06,7.875475722542339363e-07,4.860288691743925774e-06,9.512801081629823742e-08,2.649687211537577506e-07,1.276092368413724350e-06,3.994076959373274259e-06,0.000000000000000000e+00,9.185359631197215278e-07,1.804458232708045579e-06,0.000000000000000000e+00,3.696032634326641595e-06,0.000000000000000000e+00,-4.015731388816559249e-08,4.761054844386260711e-06,3.738432164141744466e-06,5.890788318716831883e-06,9.967216593572562926e-07,4.715178043837954714e-06,3.989608060643509464e-06,5.314433124419226866e-06,1.783606265881462850e-06,nan,2.411724272383469164e-07,3.623806353756074739e-06,nan,nan,nan,nan,nan,nan,nan,nan,nan
2.461758127618989785e-06,3.214243126817503286e-06,3.396332375915700014e-06,3.446874775790027693e-06,2.648288598051146022e-06,3.716837276783351998e-06,3.801302921135996473e-06,3.591882774158469969e-06,4.871757289162166214e-06,2.311690572262655526e-06,3.198196523629187003e-06,3.324997585182401725e-06,2.918934316597949871e-06,3.085786413780831298e-06,4.204692554227041722e-06,7.475211878235707368e-06,4.296320773729947290e-06,3.952273516455510929e-06,5.289495742923291260e-06,3.331274434458181285e-06,2.284306923817040470e-06,2.576927033145929766e-06,1.504129195022914201e-06,4.246263347800209421e-06,7.414451540953736954e-07,4.805063205846469029e-06,8.533275243529649258e-08,1.972311200919407541e-07,1.372863895370485878e-06,3.752360212887875969e-06,0.000000000000000000e+00,9.555837482943373066e-07,1.750296605284842002e-06,0.000000000000000000e+00,3.340089524558841541e-06,0.000000000000000000e+00,3.129801893094604712e-09,4.500201975709345824e-06,3.665158458461357614e-06,5.178979355931877333e-06,1.044411625578314324e-06,4.319380236935086660e-06,3.858425154306475749e-06,4.860951175568678593e-06,1.725170345251597918e-06,nan,-4.533402834399235837e-08,3.321468161203842187e-06,nan,nan,nan,nan,nan,nan,nan,nan,nan
2.743599982337092873e-06,3.669706795022319712e-06,3.836725983596662673e-06,4.170301267258937288e-06,2.887372115206506893e-06,4.250289100016720055e-06,4.384281301246774932e-06,4.053114692278739625e-06,5.483798998824760939e-06,2.345387020575026054e-06,3.420945057023648743e-06,3.728955269059395272e-06,3.167265428591701744e-06,3.160707918503947548e-06,4.785546697623079610e-06,4.296320773729947290e-06,7.958207417444135377e-06,4.657574576058285381e-06,5.688428623111106792e-06,3.585245124224876018e-06,2.331983804710785986e-06,2.711800709219919771e-06,1.502973546192246214e-06,4.610711646360746105e-06,8.923098059533060501e-07,5.227531527825954578e-06,1.281584734169989228e-07,1.928251084748448728e-07,1.462379392165295476e-06,3.911140520475886134e-06,0.000000000000000000e+00,9.413340261083819605e-07,1.816085162296451398e-06,0.000000000000000000e+00,3.812837759637187322e-06,0.000000000000000000e+00,-1.315200276756928077e-08,4.920149994962668614e-06,3.803418559122090867e-06,5.829682007229809265e-06,1.006319266165048828e-06,4.660870569552772846e-06,4.132586282337954329e-06,5.416200167486886599e-06,1.873585205839514425e-06,nan,7.276365963123944426e-07,3.674127780165608155e-06,nan,nan,nan,nan,nan,nan,nan,nan,nan
2.600823015591939548e-06,3.477961282623490300e-06,3.659145411234652183e-06,3.911378832136135791e-06,2.702910286728601892e-06,4.078077569240577072e-06,4.152447244501583376e-06,3.814927316382294854e-06,5.267253807442690115e-06,2.234194300442984048e-06,3.265588180860017138e-06,3.666096583016140138e-06,2.990382779532702081e-06,2.876758528713064992e-06,4.532197546246268672e-06,3.952273516455510929e-06,4.657574576058285381e-06,7.257676265874196202e-06,5.349242027891280733e-06,3.424917714224069978e-06,2.257593475521264857e-06,2.715433003366549535e-06,1.409326956510271233e-06,4.438345301896652385e-06,8.137265523685387488e-07,4.847707264262990460e-06,-6.222529673508391438e-09,2.193995284815728804e-07,1.227927719725185136e-06,3.935189890863631821e-06,0.000000000000000000e+00,8.880455755560195880e-07,1.687404050974793901e-06,0.000000000000000000e+00,3.601310153655107165e-06,0.000000000000000000e+00,-2.356535804425761829e-08,4.605526512864354586e-06,3.503175813721998614e-06,5.242844395918683692e-06,9.240561246826717618e-07,4.391230460518124491e-06,3.880455068287078534e-06,5.155852888497097632e-06,1.666962229120998211e-06,nan,5.060598588723118855e-07,3.439982385498430654e-06,nan,nan,nan,nan,nan,nan,nan,nan,nan
3.277665087104595082e-06,4.375578958067633240e-06,4.580394125788808733e-06,4.808316866468411939e-06,3.359591185622245318e-06,5.066298029605098778e-06,5.085093210207582747e-06,4.837330614605685867e-06,6.562140836945986444e-06,2.780076551959958141e-06,3.917318917061182536e-06,4.395048666109586995e-06,3.680199809192063855e-06,3.553494452540046331e-06,5.513718234077186839e-06,5.289495742923291260e-06,5.688428623111106792e-06,5.349242027891280733e-06,1.384384490429949959e-05,4.006586247737680653e-06,2.732928624191755328e-06,3.217599208611064813e-06,1.710439787172792369e-06,5.461889981856522401e-06,1.081179765478390119e-06,6.324642430959958897e-06,4.541646876070772816e-08,2.074007067173331028e-07,1.496498513496065262e-06,4.763664356928972903e-06,0.000000000000000000e+00,1.085887717299969169e-06,2.087390265668136056e-06,0.000000000000000000e+00,4.502180487201737743e-06,0.000000000000000000e+00,4.850446553985364455e-08,5.960379768748844906e-06,4.482103563574089439e-06,6.979843678857916380e-06,1.007216486210257242e-06,5.605673056761874852e-06,4.860993698001774886e-06,6.484425886353605130e-06,2.438145119205211818e-06,nan,3.187303050371770078e-07,4.403806739655673032e-06,nan,nan,nan,nan,nan,nan,nan,nan,nan
1.880240596366370441e-06,2.478940376989603020e-06,2.761257044177914786e-06,2.832785896910879206e-06,2.196383192140305359e-06,2.977443259022208332e-06,3.120435810964284650e-06,2.962248168587187821e-06,3.840854352423499053e-06,2.053541792453864704e-06,2.813313022543066956e-06,2.791372559941601376e-06,2.668424082095050278e-06,2.639776260010156325e-06,3.429880848992946612e-06,3.331274434458181285e-06,3.585245124224876018e-06,3.424917714224069978e-06,4.006586247737680653e-06,5.528416938965873058e-06,2.108209255161242675e-06,2.313343873107607656e-06,1.237553456257096897e-06,3.459544215290607751e-06,7.644382285034730080e-07,3.842581136369200095e-06,1.100856430289026031e-07,2.017742613963999426e-07,1.233367032841477860e-06,3.234238703547289787e-06,0.000000000000000000e+00,8.710592198901108113e-07,1.483368553674015476e-06,0.000000000000000000e+00,2.682629308702419818e-06,0.000000000000000000e+00,4.120203834231712705e-09,3.680760849783578475e-06,3.015151466526437615e-06,3.879768000484942949e-06,9.519514190942855766e-07,3.583826357165957998e-06,3.278805304976913619e-06,3.953942738005925187e-06,1.469195894060017560e-06,nan,4.008012452736999088e-07,2.672394374326114197e-06,nan,nan,nan,nan,nan,nan,nan,nan,nan
1.258240207503367255e-06,1.616833308439450052e-06,1.854967576821571707e-06,1.810399737118967959e-06,1.468739422419217440e-06,1.964513415028620879e-06,2.009243105954124327e-06,1.980095033943808140e-06,2.508623486157723324e-06,1.522005089853572605e-06,1.954246986118816109e-06,1.833537194845873284e-06,1.716954879437468320e-06,1.871208886870326585e-06,2.352339534892199242e-06,2.284306923817040470e-06,2.331983804710785986e-06,2.257593475521264857e-06,2.732928624191755328e-06,2.108209255161242675e-06,4.463175612523829677e-06,1.558687309363496800e-06,9.290447304246744391e-07,2.304962441190530296e-06,5.474151355064505236e-07,2.531032139072280078e-06,9.823224221930340131e-08,1.810548786679641568e-07,1.019151262629828860e-06,2.265796421693473935e-06,0.000000000000000000e+00,6.546306601356936108e-07,1.164859635009972823e-06,0.000000000000000000e+00,1.846682548412715369e-06,0.000000000000000000e+00,-3.702633716882661180e-08,2.460903182189843293e-06,1.959753119227803311e-06,2.550464508658187776e-06,9.977805474200974821e-07,2.323679894656547942e-06,2.256800073241984487e-06,2.556041633563233610e-06,9.037034456952202135e-07,nan,-9.857902210912420673e-08,1.735510775300611953e-06,nan,nan,nan,nan,nan,nan,nan,nan,nan
1.504147033327233566e-06,1.983671649219774689e-06,2.181621583902458596e-06,2.188149927507335694e-06,1.636931688514388196e-06,2.360260394974882181e-06,2.372830395221135106e-06,2.423908531906851601e-06,3.022629683155098373e-06,1.587350114250223194e-06,2.103734307638944810e-06,2.207069666249073726e-06,1.980028911719538021e-06,2.058880705515907956e-06,2.692189044027608504e-06,2.576927033145929766e-06,2.711800709219919771e-06,2.715433003366549535e-06,3.217599208611064813e-06,2.313343873107607656e-06,1.558687309363496800e-06,8.306109453743733324e-06,1.031142514185782934e-06,2.860524321955861433e-06,6.705025987499600892e-07,3.164272618542400001e-06,6.056035075609283649e-08,1.218599567664138666e-07,8.937041039160722435e-07,2.409749798720476481e-06,0.000000000000000000e+00,6.913389550359534944e-07,1.155408746288071827e-06,0.000000000000000000e+00,2.185576076464073172e-06,0.000000000000000000e+00,8.268183129151615404e-09,2.929413166747318503e-06,2.303859609955317635e-06,3.023513644937172801e-06,8.672778926164254720e-07,2.739460043328787053e-06,2.597341579102934249e-06,3.177628795840372121e-06,1.194851916935720947e-06,nan,3.649866077712815880e-07,2.163003812336739368e-06,nan,nan,nan,nan,nan,nan,nan,nan,nan
1.021878329706270222e-06,1.123938477309489823e-06,1.236131026201826995e-06,1.152440853890759368e-06,9.780631440409713352e-07,1.313797078626812441e-06,1.312565510573112840e-06,1.201601351314789409e-06,1.616385053374697926e-06,9.513648118449450626e-07,1.195505772281607755e-06,1.159441112520625540e-06,1.036378012390578759e-06,1.206178091074933010e-06,1.522222912559810332e-06,1.504129195022914201e-06,1.502973546192246214e-06,1.409326956510271233e-06,1.710439787172792369e-06,1.237553456257096897e-06,9.290447304246744391e-07,1.031142514185782934e-06,2.357785186509264106e-06,1.521906918243126505e-06,3.666581376304659397e-07,1.585921029118143603e-06,1.044413341031030036e-07,1.752407780835707482e-07,7.736295177110218175e-07,1.473369061626257885e-06,0.000000000000000000e+00,5.474345145949202497e-07,7.653669560807013813e-07,0.000000000000000000e+00,1.155561696776729600e-06,0.000000000000000000e+00,-2.134984133684453679e-10,1.566852224497120777e-06,1.282670648082571794e-06,1.696170066715004441e-06,6.718132038685058715e-07,1.536800182619897326e-06,1.464769596213414157e-06,1.647063579939473033e-06,8.403938153464840599e-07,nan,3.490320691617989469e-07,1.218070155316019186e-06,nan,nan,nan,nan,nan,nan,nan,nan,nan
2.596582210840903709e-06,3.417844446377867955e-06,3.647852123433871361e-06,3.784228643564026057e-06,2.780833288201692695e-06,3.960281865314252379e-06,4.092244525865006157e-06,3.957647319503347888e-06,5.192648805801238918e-06,2.377021728880082380e-06,3.335324681310345802e-06,3.616844346892838341e-06,3.053826508915061454e-06,3.005910913565018388e-06,4.473880381584304862e-06,4.246263347800209421e-06,4.610711646360746105e-06,4.438345301896652385e-06,5.461889981856522401e-06,3.459544215290607751e-06,2.304962441190530296e-06,2.860524321955861433e-06,1.521906918243126505e-06,6.680917240602490855e-06,7.702732272210731981e-07,5.171871909503908415e-06,9.126630731994683691e-08,2.269268540307184216e-07,1.319315571113326932e-06,3.883338575954548119e-06,0.000000000000000000e+00,9.194491011063557456e-07,1.740416737978398584e-06,0.000000000000000000e+00,3.614195954384300534e-06,0.000000000000000000e+00,-2.429236407172292394e-10,4.931168087337559854e-06,3.796733583706838789e-06,5.444268382751742151e-06,1.006750480020066190e-06,4.537699660908864466e-06,4.033125391095381700e-06,5.291918858889528281e-06,1.781459632634317676e-06,nan,3.334854336044084663e-07,3.595399121737829233e-06,nan,nan,nan,nan,nan,nan,nan,nan,nan
4.957838689775674067e-07,5.588045340529734243e-07,6.330969402560630778e-07,5.834443958580788889e-07,5.988345822556913684e-07,6.417246674555179545e-07,6.543475199321097102e-07,6.876496332042142823e-07,8.445154976463087092e-07,5.083101454079584107e-07,7.503481697380391507e-07,5.924836969869747370e-07,6.171961058894501870e-07,6.677752040025193221e-07,7.875475722542339363e-07,7.414451540953736954e-07,8.923098059533060501e-07,8.137265523685387488e-07,1.081179765478390119e-06,7.644382285034730080e-07,5.474151355064505236e-07,6.705025987499600892e-07,3.666581376304659397e-07,7.702732272210731981e-07,1.718918528338142886e-05,1.032843871931213294e-06,7.019131792685900787e-08,1.462304789597831109e-07,4.910950982551346379e-07,8.642572988989682730e-07,0.000000000000000000e+00,2.474716919975302390e-07,3.358123847200698086e-07,0.000000000000000000e+00,7.086810200447418267e-07,0.000000000000000000e+00,-1.164024209231401551e-07,8.116547568280355725e-07,7.946955384803622339e-07,9.026775508673326613e-07,1.862377862000235956e-07,7.961027832201823223e-07,1.031936359785879169e-06,9.324233866393234037e-07,4.275966151310166677e-07,nan,-5.570579839071237696e-07,6.572721271408825912e-07,nan,nan,nan,nan,nan,nan,nan,nan,nan
2.880814232951934138e-06,3.901424861807783884e-06,4.074056928863734022e-06,4.314163914164433120e-06,3.103630101780063188e-06,4.397324440961211245e-06,4.626734889635134876e-06,4.379099059270598445e-06,5.719973761944310741e-06,2.652835225165927421e-06,3.768249270768698899e-06,3.949264309150912103e-06,3.504261438895067486e-06,3.455469365225601228e-06,4.860288691743925774e-06,4.805063205846469029e-06,5.227531527825954578e-06,4.847707264262990460e-06,6.324642430959958897e-06,3.842581136369200095e-06,2.531032139072280078e-06,3.164272618542400001e-06,1.585921029118143603e-06,5.171871909503908415e-06,1.032843871931213294e-06,1.327651067847392748e-05,1.375919117422118527e-07,2.040264412788527108e-07,1.537711008073086265e-06,4.290302251160388272e-06,0.000000000000000000e+00,9.554887970411278090e-07,1.887219948185707584e-06,0.000000000000000000e+00,3.977501788470794209e-06,0.000000000000000000e+00,3.119739288892956976e-08,5.466532964254546768e-06,4.267493629827429939e-06,6.203129739885461501e-06,1.072771892963973705e-06,5.051247745460149693e-06,4.487144625911791349e-06,6.084335621144333425e-06,1.904379491581272724e-06,nan,1.890611065524353005e-07,3.926688330361434724e-06,nan,nan,nan,nan,nan,nan,nan,nan,nan
7.403742610504035723e-08,1.123617352300041756e-07,1.399775779138487974e-07,-7.398191219474398401e-09,1.020213585905399615e-07,7.298042723666779114e-08,1.210190656960457816e-07,1.088926995434059416e-07,9.309195984442525795e-08,1.301487271704471945e-07,1.209756534984352038e-08,1.065606105750340566e-07,6.167461775597320135e-08,3.508946379821921549e-08,9.512801081629823742e-08,8.533275243529649258e-08,1.281584734169989228e-07,-6.222529673508391438e-09,4.541646876070772816e-08,1.100856430289026031e-07,9.823224221930340131e-08,6.056035075609283649e-08,1.044413341031030036e-07,9.126630731994683691e-08,7.019131792685900787e-08,1.375919117422118527e-07,6.072413777766803661e-06,1.496663663928231917e-07,7.685628554273336820e-08,9.077578421417700788e-08,0.000000000000000000e+00,3.418288481709625371e-08,1.826879911505247641e-07,0.000000000000000000e+00,9.583695369243491709e-08,0.000000000000000000e+00,-8.451986788898606491e-11,6.506500858400274390e-08,1.133571236421639305e-07,2.068182781897212408e-07,1.734930655297178894e-07,2.011401012918193763e-07,1.678478819187195429e-07,2.152142745553557212e-07,7.329134847108934727e-08,nan,-1.877783715356663869e-07,1.344690701171935732e-07,nan,nan,nan,nan,nan,nan,nan,nan,nan
1.400272539620542296e-07,2.097731588947619295e-07,2.110846427411737727e-07,1.561272849123804839e-07,1.602758686288674319e-07,1.948408913938437903e-07,1.860382339567267177e-07,1.974744152908442822e-07,2.228482910356461986e-07,1.259853696021858065e-07,1.780488512264223596e-07,1.547325670322202110e-07,2.229384839081747890e-07,1.647902122053255609e-07,2.649687211537577506e-07,1.972311200919407541e-07,1.928251084748448728e-07,2.193995284815728804e-07,2.074007067173331028e-07,2.017742613963999426e-07,1.810548786679641568e-07,1.218599567664138666e-07,1.752407780835707482e-07,2.269268540307184216e-07,1.462304789597831109e-07,2.040264412788527108e-07,1.496663663928231917e-07,3.843105295532489737e-06,2.319428378697267785e-07,1.411740114378646866e-07,0.000000000000000000e+00,2.090619325807819718e-07,1.700637568144890630e-07,0.000000000000000000e+00,2.071058736313558242e-07,0.000000000000000000e+00,3.826438085141911439e-10,2.404827999321385121e-07,1.461971429421008360e-07,2.764654182149982853e-07,-4.749843654562136136e-08,1.610623425934695182e-07,2.148819937047179977e-07,1.318417554470363369e-07,1.667429050820316460e-07,nan,4.180071087314742674e-07,1.563898270387546894e-07,nan,nan,nan,nan,nan,nan,nan,nan,nan
7.842296308640759481e-07,9.492398875930128574e-07,1.131894300297694375e-06,9.295975550265416558e-07,9.153781545966519227e-07,1.187113508620078423e-06,1.161344592945446082e-06,1.124535103327509478e-06,1.445997669508851568e-06,9.551127611869863256e-07,1.069665952976249361e-06,1.052904216098733925e-06,9.727108517515552838e-07,1.197516001281668198e-06,1.276092368413724350e-06,1.372863895370485878e-06,1.462379392165295476e-06,1.227927719725185136e-06,1.496498513496065262e-06,1.233367032841477860e-06,1.019151262629828860e-06,8.937041039160722435e-07,7.736295177110218175e-07,1.319315571113326932e-06,4.910950982551346379e-07,1.537711008073086265e-06,7.685628554273336820e-08,2.319428378697267785e-07,8.674300549139051772e-06,1.261549398099324940e-06,0.000000000000000000e+00,5.905128218426688492e-07,8.530083075674564743e-07,0.000000000000000000e+00,1.120915571664298065e-06,0.000000000000000000e+00,1.107350568781483794e-10,1.362703081459828934e-06,1.441195740669394117e-06,1.434444179807926327e-06,1.040533030948552169e-06,1.335658950275145246e-06,1.298045079320125352e-06,1.363898766412047807e-06,6.186821638296481153e-07,nan,8.841035429406141727e-07,1.079593726719287790e-06,nan,nan,nan,nan,nan,nan,nan,nan,nan
2.342291717012337803e-06,3.000750098773428495e-06,3.212141326723346557e-06,3.194610168591767622e-06,2.520881252699617497e-06,3.424666534341377942e-06,3.512928244783501063e-06,3.259455471306417372e-06,4.389887149671401478e-06,2.221275109415085573e-06,2.995674666535784942e-06,3.125858908753939814e-06,2.737902148746778798e-06,2.842966869568097080e-06,3.994076959373274259e-06,3.752360212887875969e-06,3.911140520475886134e-06,3.935189890863631821e-06,4.763664356928972903e-06,3.234238703547289787e-06,2.265796421693473935e-06,2.409749798720476481e-06,1.473369061626257885e-06,3.883338575954548119e-06,8.642572988989682730e-07,4.290302251160388272e-06,9.077578421417700788e-08,1.411740114378646866e-07,1.261549398099324940e-06,1.112230704331314600e-05,0.000000000000000000e+00,9.707387810048080181e-07,1.718537690874727609e-06,0.000000000000000000e+00,3.014889124637787505e-06,0.000000000000000000e+00,1.899318119967540102e-10,4.146320090342400617e-06,3.137091649405313406e-06,4.610588753941891026e-06,1.011780531532904418e-06,3.974236131173786476e-06,3.622235318545348847e-06,4.441882049773919799e-06,1.445100160776582558e-06,nan,5.278660889135445931e-07,3.088266953480771259e-06,nan,nan,nan,nan,nan,nan,nan,nan,nan
0.000000000000000000e+00,0.000000000000000000e+00,0.000000000000000000e+00,0.000000000000000000e+00,0.000000000000000000e+00,0.000000000000000000e+00,0.000000000000000000e+00,0.000000000000000000e+00,0.000000000000000000e+00,0.000000000000000000e+00,0.000000000000000000e+00,0.000000000000000000e+00,0.000000000000000000e+00,0.000000000000000000e+00,0.000000000000000000e+00,0.000000000000000000e+00,0.000000000000000000e+00,0.000000000000000000e+00,0.000000000000000000e+00,0.000000000000000000e+00,0.000000000000000000e+00,0.000000000000000000e+00,0.000000000000000000e+00,0.000000000000000000e+00,0.000000000000000000e+00,0.000000000000000000e+00,0.000000000000000000e+00,0.000000000000000000e+00,0.000000000000000000e+00,0.000000000000000000e+00,0.000000000000000000e+00,0.000000000000000000e+00,0.000000000000000000e+00,0.000000000000000000e+00,0.000000000000000000e+00,0.000000000000000000e+00,0.000000000000000000e+00,0.000000000000000000e+00,0.000000000000000000e+00,0.000000000000000000e+00,0.000000000000000000e+00,0.000000000000000000e+00,0.000000000000000000e+00,0.000000000000000000e+00,0.000000000000000000e+00,nan,0.000000000000000000e+00,0.000000000000000000e+00,nan,nan,nan,nan,nan,nan,nan,nan,nan
6.264221712196972723e-07,6.962235349237078833e-07,7.683283572547161158e-07,6.325230018063075857e-07,6.205429278656081680e-07,7.813137960176571482e-07,7.917490452481244407e-07,7.620292486750713625e-07,1.019543949071709823e-06,7.038901692594413902e-07,7.714658274995789358e-07,7.338131861433703262e-07,7.281954133558260005e-07,7.905970169568327434e-07,9.185359631197215278e-07,9.555837482943373066e-07,9.413340261083819605e-07,8.880455755560195880e-07,1.085887717299969169e-06,8.710592198901108113e-07,6.546306601356936108e-07,6.913389550359534944e-07,5.474345145949202497e-07,9.194491011063557456e-07,2.474716919975302390e-07,9.554887970411278090e-07,3.418288481709625371e-08,2.090619325807819718e-07,5.905128218426688492e-07,9.707387810048080181e-07,0.000000000000000000e+00,2.490487284830504955e-06,5.658791508278528615e-07,0.000000000000000000e+00,7.565240340236890989e-07,0.000000000000000000e+00,-8.657402389873375867e-11,1.007536820350091462e-06,7.493333881823277149e-07,9.503174111170878863e-07,5.912458463489989847e-07,9.690363410956822864e-07,9.066195834296544159e-07,9.290287277293758781e-07,4.994860563195130779e-07,nan,5.786788747622628256e-07,7.989214660673769518e-07,nan,nan,nan,nan,nan,nan,nan,nan,nan
