1.486851173970307922e-06,1.101902325790473226e-06,1.860727443501294164e-06,1.813652764605141790e-06,1.034080066476123024e-06,1.625057828743257889e-06,1.644709356177274210e-06,1.024271948345080136e-06,1.405337148586824413e-06,1.209066459299465513e-06,1.503212582494279268e-06,1.574819590118121349e-06,1.710285910983597830e-06,1.785346103390243889e-06,2.022646550583091554e-06,5.095451969678228074e-07,1.716467022712155035e-06,1.415591129844279407e-06,7.493076235486668465e-07,1.587338509013728991e-06,8.579218110784478508e-07,1.562930810889337856e-06,1.076648415312196403e-06,4.651436794803954238e-07,6.706464777780171447e-07,1.536121905698542085e-06,4.452241340647216816e-08,1.038524607575948610e-08,2.147887728727928589e-07,1.049815347990997998e-07,0.000000000000000000e+00,1.285464718669988171e-07,8.533819992799444761e-07,0.000000000000000000e+00,1.300818424298450601e-06,0.000000000000000000e+00,0.000000000000000000e+00,1.788485741870858030e-06,nan,6.287252820225283540e-07,2.798601024742063849e-07,1.246814572287341522e-06,1.200596563718508526e-06,1.708275553168922467e-06,7.871644967283697917e-07,nan,7.343413248403228400e-07,3.326497030661984692e-07,nan,nan,nan,nan,nan,nan,nan,nan,nan
1.101902325790473226e-06,1.581045674012418631e-06,2.027229135074960471e-06,2.092788574847073555e-06,1.028410115185618723e-06,1.760914541072686298e-06,1.921136808999692237e-06,1.195937294722840161e-06,1.771385697193708590e-06,1.476328399010000866e-06,1.813028462571992835e-06,1.724333688656192580e-06,1.987745722860558040e-06,2.029463288542631360e-06,2.257327828905251335e-06,5.569340635859148378e-07,2.002401375141345336e-06,1.595288500615458161e-06,8.795830895685295473e-07,1.891720304391461986e-06,1.018854288836606486e-06,1.764915863532276013e-06,8.308342324749547014e-07,5.178638636307301043e-07,5.812401956282245919e-07,1.814923752613203315e-06,7.559156761286267903e-08,-4.441551540468016791e-09,2.928699825067466082e-07,1.554116293554771689e-07,0.000000000000000000e+00,1.462624491695450567e-07,1.032978300000399750e-06,0.000000000000000000e+00,1.615218064786210580e-06,0.000000000000000000e+00,0.000000000000000000e+00,2.099719570119056026e-06,nan,7.260114168383247360e-07,3.552849774741306534e-07,1.492249875583676489e-06,1.548531055108511669e-06,2.102918754571810204e-06,7.940574980370816543e-07,nan,8.587722411059457522e-07,3.880459472142465010e-07,nan,nan,nan,nan,nan,nan,nan,nan,nan
1.860727443501294164e-06,2.027229135074960471e-06,7.368602937676774262e-06,4.452674913665330512e-06,2.207049799569249040e-06,3.004928951102948287e-06,3.971089203054470875e-06,2.334714186217065604e-06,3.266913857760048789e-06,2.566520189036705517e-06,3.651835915752358242e-06,3.605976929137470408e-06,3.887396892895271888e-06,3.914189917858057394e-06,4.679317711568591840e-06,1.045369443257190107e-06,4.005108304447927583e-06,3.251293874379186279e-06,1.780532882700228368e-06,3.736234082591492507e-06,2.106267880436133042e-06,3.505564971513467599e-06,1.382756494617055524e-06,1.039690539737265800e-06,9.031105342733126206e-07,3.109394096031203854e-06,2.569252520766676126e-09,7.652858090201876107e-08,7.117205673628989465e-07,2.919843764511031091e-07,0.000000000000000000e+00,1.379502348275084040e-07,1.636969074218165620e-06,0.000000000000000000e+00,2.838357964295917087e-06,0.000000000000000000e+00,0.000000000000000000e+00,3.983953810297676435e-06,nan,1.866707020913110736e-06,4.099756795007604436e-07,2.727419620122796853e-06,2.762497657027427448e-06,3.940237109132451203e-06,1.494591715864258175e-06,nan,1.727236529003252615e-06,8.298300976090199658e-07,nan,nan,nan,nan,nan,nan,nan,nan,nan
1.813652764605141790e-06,2.092788574847073555e-06,4.452674913665330512e-06,7.793408817373010341e-06,2.159991790016819681e-06,3.209172647718241273e-06,4.694872530688877309e-06,2.562105724523149159e-06,3.523539449557557821e-06,2.803909774020280132e-06,4.163481504467806833e-06,3.706142839865337376e-06,4.302383411530177140e-06,4.111062640534831335e-06,4.459733370708810274e-06,1.255784065950812921e-06,4.483641139811412659e-06,3.503984114593960263e-06,1.658977947314399215e-06,4.451097185872527679e-06,2.316020791511071801e-06,3.669588733095462395e-06,1.401854615154611553e-06,1.300760468198453320e-06,1.174910483028830019e-06,3.478269321459460107e-06,2.403745494427269810e-08,1.909473517693354738e-08,8.771388964278879017e-07,2.989461192113766126e-07,0.000000000000000000e+00,1.734562517209367659e-07,1.768382379540807678e-06,0.000000000000000000e+00,2.994873095739549370e-06,0.000000000000000000e+00,0.000000000000000000e+00,4.382338076191566673e-06,nan,1.649861391189215191e-06,5.264541416881091770e-07,2.976297849518644966e-06,2.914613878160330376e-06,4.432445357867017215e-06,1.566316759457113250e-06,nan,1.953021807793326603e-06,7.956151571183129083e-07,nan,nan,nan,nan,nan,nan,nan,nan,nan
1.034080066476123024e-06,1.028410115185618723e-06,2.207049799569249040e-06,2.159991790016819681e-06,1.150117965584945090e-05,1.722267414709024353e-06,2.180371858076560448e-06,1.666081340994887092e-06,1.802494217788185108e-06,1.540454365424258751e-06,2.528881388402680181e-06,2.441127499485649440e-06,2.455873812506404939e-06,2.509172648656932005e-06,2.381707451424146271e-06,1.183462860996453936e-06,2.483517895166512947e-06,2.202337409554715667e-06,1.184720938881514174e-06,2.591938944669899235e-06,1.320189131740641310e-06,2.166558094918643615e-06,8.730738415207715581e-07,9.270993032368295613e-07,3.793514758925074686e-07,1.927338010478775824e-06,-1.916639459066834498e-08,1.035263397705571703e-07,5.205734825876338588e-07,2.347654968000514947e-07,0.000000000000000000e+00,9.727116037431825499e-08,1.021197243602614513e-06,0.000000000000000000e+00,1.866834875909515653e-06,0.000000000000000000e+00,0.000000000000000000e+00,2.520590605506025706e-06,nan,1.194613853144285632e-06,8.719219331501462372e-07,1.668549141717361788e-06,1.540544003897409138e-06,2.532876736308927129e-06,8.049831821133604320e-07,nan,1.420816958167969720e-06,4.856805978461760547e-07,nan,nan,nan,nan,nan,nan,nan,nan,nan
1.625057828743257889e-06,1.760914541072686298e-06,3.004928951102948287e-06,3.209172647718241273e-06,1.722267414709024353e-06,4.468212352899036292e-06,2.897534376328992651e-06,1.736856396853373259e-06,2.599896731104175293e-06,1.968343273818478219e-06,2.921977097372389956e-06,2.873719878106034987e-06,3.125063319657012939e-06,3.328778357824892726e-06,3.630002989921409762e-06,9.294516538229496984e-07,3.101823139751678500e-06,2.775644759204797740e-06,1.232970316351081383e-06,2.974273713602248776e-06,1.516232860153046112e-06,2.641251930579004542e-06,1.204434749716183524e-06,9.634827563558735746e-07,9.017422814968907449e-07,2.635878284947202678e-06,1.034213010562772959e-07,-7.484762583340288930e-08,5.307670018650153585e-07,6.348833266886131951e-08,0.000000000000000000e+00,2.271066244246512158e-07,1.483102117670191303e-06,0.000000000000000000e+00,2.279751568306756197e-06,0.000000000000000000e+00,0.000000000000000000e+00,3.180305809289574378e-06,nan,1.025379766284418879e-06,5.246020839233207163e-07,2.162554522141691503e-06,2.179772045041906952e-06,3.104081960209064092e-06,1.116425819554087634e-06,nan,1.231229192724128018e-06,5.813509745739292894e-07,nan,nan,nan,nan,nan,nan,nan,nan,nan
1.644709356177274210e-06,1.921136808999692237e-06,3.971089203054470875e-06,4.694872530688877309e-06,2.180371858076560448e-06,2.897534376328992651e-06,8.220746649900004737e-06,2.649266259335225876e-06,3.311583740793096085e-06,2.874570771892163215e-06,4.240657922706955240e-06,3.849847059767109140e-06,4.209111735615989434e-06,3.940652828706692936e-06,4.194349915873691328e-06,1.368419678979498859e-06,4.342382260896919531e-06,3.348801794612082491e-06,1.989221500160717311e-06,4.383787682247626969e-06,2.462511504636871310e-06,3.644247058180094458e-06,1.275293159401087416e-06,1.187409853736926829e-06,7.991654104456523046e-07,3.301678379693850961e-06,-5.954042316111506495e-08,6.619528682574975884e-08,5.696278076654697261e-07,3.400085267005680717e-07,0.000000000000000000e+00,1.485218906058142257e-07,1.573239597891531179e-06,0.000000000000000000e+00,2.912666765138034725e-06,0.000000000000000000e+00,0.000000000000000000e+00,4.394755146466818037e-06,nan,1.816051958416548431e-06,5.156513224296482705e-07,3.007369713802874083e-06,2.710244888504949901e-06,4.093326047626626915e-06,1.683569086422563297e-06,nan,2.238426654827663791e-06,7.964699417925704580e-07,nan,nan,nan,nan,nan,nan,nan,nan,nan
1.024271948345080136e-06,1.195937294722840161e-06,2.334714186217065604e-06,2.562105724523149159e-06,1.666081340994887092e-06,1.736856396853373259e-06,2.649266259335225876e-06,7.667080019943910943e-06,2.056972751914952604e-06,1.966773079724089318e-06,2.916231420732741280e-06,2.596199993552470141e-06,2.724236751825395187e-06,2.631183752462978718e-06,2.525545714959306129e-06,1.400511981744208360e-06,2.831167927693164658e-06,2.365111638811351783e-06,1.959784319561899886e-06,2.717283361915727220e-06,2.207808400536824323e-06,2.696752134811660815e-06,9.939277046290172972e-07,1.450314998789544497e-06,7.162685366341654454e-07,2.249385114360113104e-06,3.981742945783660709e-08,2.887175887719196000e-08,6.239496784970825245e-07,4.267022907365630407e-07,0.000000000000000000e+00,2.169296795976264231e-07,1.335140246276557126e-06,0.000000000000000000e+00,2.090413493086887430e-06,0.000000000000000000e+00,0.000000000000000000e+00,2.992954118407281584e-06,nan,2.106014329119560001e-06,8.458141110759712966e-07,1.818935659110175200e-06,1.885650486478609154e-06,2.888767026420485589e-06,1.281723078289461453e-06,nan,1.760029587695662179e-06,7.921466796400271273e-07,nan,nan,nan,nan,nan,nan,nan,nan,nan
1.405337148586824413e-06,1.771385697193708590e-06,3.266913857760048789e-06,3.523539449557557821e-06,1.802494217788185108e-06,2.599896731104175293e-06,3.311583740793096085e-06,2.056972751914952604e-06,5.053607161806295135e-06,2.184695846285390799e-06,3.125139629646893483e-06,3.058154806663798506e-06,3.396831255641930070e-06,3.219725460143523686e-06,3.621192911128019250e-06,1.003519375776249883e-06,3.530079302735396941e-06,2.873568773854133219e-06,1.423849501652500103e-06,3.276524093062606678e-06,1.786903211278910686e-06,2.986091210776806049e-06,1.081107956518904845e-06,1.059074199847543766e-06,6.641004552437537222e-07,2.890486491503023136e-06,9.724594588622105070e-09,-1.806203710997486525e-08,5.077373801366578515e-07,1.729379190861440519e-07,0.000000000000000000e+00,1.619764547615755018e-07,1.462802149000154222e-06,0.000000000000000000e+00,2.590576008493732565e-06,0.000000000000000000e+00,0.000000000000000000e+00,3.505144584225491246e-06,nan,1.395477367429309945e-06,5.021220659970759653e-07,2.575652649598836451e-06,2.442985179299993099e-06,3.610824806153485970e-06,1.174345187991388367e-06,nan,1.741488760424724198e-06,6.430297765595583720e-07,nan,nan,nan,nan,nan,nan,nan,nan,nan
1.209066459299465513e-06,1.476328399010000866e-06,2.566520189036705517e-06,2.803909774020280132e-06,1.540454365424258751e-06,1.968343273818478219e-06,2.874570771892163215e-06,1.966773079724089318e-06,2.184695846285390799e-06,5.392785165652525100e-06,2.682476303464469093e-06,2.491102297299484943e-06,2.871727814043354387e-06,2.618981909292280742e-06,2.903530345056581471e-06,7.889530304499538148e-07,3.086548400401577295e-06,2.394788763283805938e-06,1.516191506790982537e-06,2.929841205152922653e-06,1.639937958927512946e-06,3.050958236941494278e-06,8.543524352269219951e-07,8.752811936078175814e-07,7.301502254982824628e-07,2.699908842362418580e-06,2.892682428529428394e-08,1.046356405955873679e-07,2.693168314500372054e-07,2.088261681025236708e-07,0.000000000000000000e+00,2.989914482082014570e-07,1.273679708574513497e-06,0.000000000000000000e+00,2.601074771880372196e-06,0.000000000000000000e+00,0.000000000000000000e+00,3.124693384481808067e-06,nan,1.215400294453348602e-06,4.967134093217300963e-07,2.127169928020095339e-06,2.089719311457945335e-06,3.232921043695216895e-06,1.247833043728850303e-06,nan,1.065678121991875327e-06,6.300304807833521947e-07,nan,nan,nan,nan,nan,nan,nan,nan,nan
1.503212582494279268e-06,1.813028462571992835e-06,3.651835915752358242e-06,4.163481504467806833e-06,2.528881388402680181e-06,2.921977097372389956e-06,4.240657922706955240e-06,2.916231420732741280e-06,3.125139629646893483e-06,2.682476303464469093e-06,1.371220014230080222e-05,4.045363587642591801e-06,4.351802184166125898e-06,4.327804791289731435e-06,4.127318277789450356e-06,1.710254005768253246e-06,4.551494438514235297e-06,3.483621104193749777e-06,2.290796089000250139e-06,4.534166105461238141e-06,2.634940733999152674e-06,3.970145752977057859e-06,1.336162689754760019e-06,1.713533065959983275e-06,1.144261491878515004e-06,3.576844654856260299e-06,-8.156788201199150003e-08,-3.316907362276522250e-08,2.562869607240541505e-07,6.325898802023398824e-07,0.000000000000000000e+00,1.377402529618603621e-07,1.848314724492106656e-06,0.000000000000000000e+00,3.129926618134793948e-06,0.000000000000000000e+00,0.000000000000000000e+00,4.773620109122769290e-06,nan,2.165688031750653902e-06,9.949875172404423033e-07,3.010710564399467116e-06,2.840188868076801106e-06,4.423206967763151092e-06,1.445429377392603910e-06,nan,2.041273898996845778e-06,9.151742476648760857e-07,nan,nan,nan,nan,nan,nan,nan,nan,nan
1.574819590118121349e-06,1.724333688656192580e-06,3.605976929137470408e-06,3.706142839865337376e-06,2.441127499485649440e-06,2.873719878106034987e-06,3.849847059767109140e-06,2.596199993552470141e-06,3.058154806663798506e-06,2.491102297299484943e-06,4.045363587642591801e-06,1.184553083683665337e-05,3.842738709797796814e-06,4.128718949688830890e-06,4.195812047636764532e-06,1.232325344644581984e-06,4.101671282218832503e-06,5.224121412073798430e-06,1.998736146717145168e-06,4.172477691822366434e-06,2.372309008618700175e-06,3.453028014161507153e-06,1.234155109191006010e-06,1.258686014497623806e-06,1.188064270197112286e-06,3.341746463676754553e-06,1.969103334648221656e-07,1.140385232834052463e-08,9.203403462633061529e-07,2.764634042920512842e-07,0.000000000000000000e+00,3.221078652716935485e-07,1.712582223304837328e-06,0.000000000000000000e+00,3.062070575462706958e-06,0.000000000000000000e+00,0.000000000000000000e+00,4.039854100935509778e-06,nan,1.640742426772596300e-06,7.464466792373217844e-07,2.683405453764689687e-06,2.575822679388319048e-06,3.974923416970828584e-06,1.322681619766360450e-06,nan,1.778186374754004052e-06,8.048722675012940016e-07,nan,nan,nan,nan,nan,nan,nan,nan,nan
1.710285910983597830e-06,1.987745722860558040e-06,3.887396892895271888e-06,4.302383411530177140e-06,2.455873812506404939e-06,3.125063319657012939e-06,4.209111735615989434e-06,2.724236751825395187e-06,3.396831255641930070e-06,2.871727814043354387e-06,4.351802184166125898e-06,3.842738709797796814e-06,8.339732240133201880e-06,4.171763920706959116e-06,4.458742314810951194e-06,1.487226565783353054e-06,4.613085445411514405e-06,3.422896908830855556e-06,1.880181004332975780e-06,4.413240153367565517e-06,2.616115387460780680e-06,3.803965711500223507e-06,1.356677964252695944e-06,1.441195487025595326e-06,8.191634573149925258e-07,3.542533802114924556e-06,2.090464754543965094e-08,-1.983480274643122793e-09,5.722824632126469076e-07,2.578309684621734071e-07,0.000000000000000000e+00,2.838543043475412044e-07,1.642337016916201184e-06,0.000000000000000000e+00,3.173156961481424735e-06,0.000000000000000000e+00,0.000000000000000000e+00,4.459587648687716767e-06,nan,1.842733063413558256e-06,8.947322944355128181e-07,2.974323616703840925e-06,2.925914444429810881e-06,4.511810984480364854e-06,1.529915560411947769e-06,nan,1.881264751432085299e-06,8.810584149958187778e-07,nan,nan,nan,nan,nan,nan,nan,nan,nan
1.785346103390243889e-06,2.029463288542631360e-06,3.914189917858057394e-06,4.111062640534831335e-06,2.509172648656932005e-06,3.328778357824892726e-06,3.940652828706692936e-06,2.631183752462978718e-06,3.219725460143523686e-06,2.618981909292280742e-06,4.327804791289731435e-06,4.128718949688830890e-06,4.171763920706959116e-06,1.222757223174260162e-05,4.705755747560514309e-06,1.276954185757316008e-06,4.478761442767227939e-06,3.464688921815588107e-06,2.036153297417775682e-06,4.086936644822876563e-06,2.206322822647814973e-06,3.585275374910946276e-06,1.444391675404496421e-06,1.434113181070019999e-06,6.495467373968984749e-07,3.394361399789613756e-06,-4.281590562002337715e-10,1.881551045820905107e-08,9.608614665208312023e-07,3.972391488053061011e-07,0.000000000000000000e+00,2.920562130253486354e-07,1.621978696114175281e-06,0.000000000000000000e+00,3.081085988558003728e-06,0.000000000000000000e+00,0.000000000000000000e+00,4.199701332762715860e-06,nan,1.926496170415246867e-06,9.584924346493704937e-07,2.870548751129806748e-06,2.884183736821174867e-06,4.150326255576786181e-06,1.527182340042086379e-06,nan,1.878114005831731876e-06,8.021845371700719810e-07,nan,nan,nan,nan,nan,nan,nan,nan,nan
2.022646550583091554e-06,2.257327828905251335e-06,4.679317711568591840e-06,4.459733370708810274e-06,2.381707451424146271e-06,3.630002989921409762e-06,4.194349915873691328e-06,2.525545714959306129e-06,3.621192911128019250e-06,2.903530345056581471e-06,4.127318277789450356e-06,4.195812047636764532e-06,4.458742314810951194e-06,4.705755747560514309e-06,8.003190720893196339e-06,1.133776138893042399e-06,4.545075508719011960e-06,3.904973961244729605e-06,1.971777519340232586e-06,4.119886498206247523e-06,2.426018735801761609e-06,3.811672763215756499e-06,1.509334785584841703e-06,1.205510470592903804e-06,1.019090910192206778e-06,3.532805123757382482e-06,7.007628965214714463e-08,9.173035581720478013e-08,5.920999374052501001e-07,3.067059494981155063e-07,0.000000000000000000e+00,1.871439566589882157e-07,1.878852837014074975e-06,0.000000000000000000e+00,3.361699227518605863e-06,0.000000000000000000e+00,0.000000000000000000e+00,4.456465392960396715e-06,nan,1.860479456673370050e-06,7.767154438479475537e-07,3.063017837683237054e-06,3.021097717882111808e-06,4.347053517813807343e-06,1.532172571177033536e-06,nan,1.939196367627388043e-06,8.853623573512478957e-07,nan,nan,nan,nan,nan,nan,nan,nan,nan
5.095451969678228074e-07,5.569340635859148378e-07,1.045369443257190107e-06,1.255784065950812921e-06,1.183462860996453936e-06,9.294516538229496984e-07,1.368419678979498859e-06,1.400511981744208360e-06,1.003519375776249883e-06,7.889530304499538148e-07,1.710254005768253246e-06,1.232325344644581984e-06,1.487226565783353054e-06,1.276954185757316008e-06,1.133776138893042399e-06,1.259185182433296551e-05,1.479877673008342232e-06,1.057462410365906217e-06,1.286033701842417902e-06,1.257972038822831590e-06,1.236420241282746563e-06,1.375038425901787606e-06,6.632274228745533744e-07,1.118038549857591533e-06,6.587847998336677911e-07,1.171655664319948529e-06,2.233492350692795155e-07,1.089471884372020873e-07,7.950497872158113793e-07,6.739827663422955222e-07,0.000000000000000000e+00,6.834486508871632195e-07,9.595300718990386620e-07,0.000000000000000000e+00,1.072203279175586557e-06,0.000000000000000000e+00,0.000000000000000000e+00,1.570073875455030762e-06,nan,1.346554768195916585e-06,1.199841249799478989e-06,9.420902210612097192e-07,1.004032375966309226e-06,1.528225672489661055e-06,8.890269923529222676e-07,nan,1.660102020107422536e-06,4.100853769308273721e-07,nan,nan,nan,nan,nan,nan,nan,nan,nan
1.716467022712155035e-06,2.002401375141345336e-06,4.005108304447927583e-06,4.483641139811412659e-06,2.483517895166512947e-06,3.101823139751678500e-06,4.342382260896919531e-06,2.831167927693164658e-06,3.530079302735396941e-06,3.086548400401577295e-06,4.551494438514235297e-06,4.101671282218832503e-06,4.613085445411514405e-06,4.478761442767227939e-06,4.545075508719011960e-06,1.479877673008342232e-06,9.335353996910426589e-06,3.708900200638537120e-06,2.176501324444319576e-06,4.517925154831628761e-06,2.510064470533473613e-06,4.177678222271118968e-06,1.298657871025150860e-06,1.359089362622224041e-06,8.886100352681437730e-07,3.632432248629440590e-06,-3.789232269792205751e-08,7.706424638853434385e-08,8.126732463879530604e-07,3.961146715068136090e-07,0.000000000000000000e+00,2.335484924211650631e-07,1.741803562426913073e-06,0.000000000000000000e+00,3.453141753969533998e-06,0.000000000000000000e+00,0.000000000000000000e+00,4.950716562941851118e-06,nan,1.655568047724137258e-06,7.345353335647854454e-07,3.153803723339854013e-06,3.150476501394972249e-06,4.777600646087685506e-06,1.677245484979245093e-06,nan,1.920655132125780546e-06,9.179462745487495216e-07,nan,nan,nan,nan,nan,nan,nan,nan,nan
1.415591129844279407e-06,1.595288500615458161e-06,3.251293874379186279e-06,3.503984114593960263e-06,2.202337409554715667e-06,2.775644759204797740e-06,3.348801794612082491e-06,2.365111638811351783e-06,2.873568773854133219e-06,2.394788763283805938e-06,3.483621104193749777e-06,5.224121412073798430e-06,3.422896908830855556e-06,3.464688921815588107e-06,3.904973961244729605e-06,1.057462410365906217e-06,3.708900200638537120e-06,1.012116199805302021e-05,1.667492832872023980e-06,3.705584654177326943e-06,2.237305742303414852e-06,3.194275451722093525e-06,1.137745572594626087e-06,1.134295724570643595e-06,9.621670207872079454e-07,2.955571452060648315e-06,9.850512178988277054e-08,-3.719375822017089957e-08,6.714619770339648335e-07,3.748730178778295895e-07,0.000000000000000000e+00,1.877889896433644853e-07,1.664109378400028896e-06,0.000000000000000000e+00,2.683103875502256616e-06,0.000000000000000000e+00,0.000000000000000000e+00,3.770336881147731426e-06,nan,1.798280559721112708e-06,6.143772364835485627e-07,2.575532333681717978e-06,2.374836032049149889e-06,3.658998801566896096e-06,1.297028002001448181e-06,nan,1.690156557273981905e-06,7.439118492177959730e-07,nan,nan,nan,nan,nan,nan,nan,nan,nan
7.493076235486668465e-07,8.795830895685295473e-07,1.780532882700228368e-06,1.658977947314399215e-06,1.184720938881514174e-06,1.232970316351081383e-06,1.989221500160717311e-06,1.959784319561899886e-06,1.423849501652500103e-06,1.516191506790982537e-06,2.290796089000250139e-06,1.998736146717145168e-06,1.880181004332975780e-06,2.036153297417775682e-06,1.971777519340232586e-06,1.286033701842417902e-06,2.176501324444319576e-06,1.667492832872023980e-06,1.158976909894402829e-05,2.137987541858666650e-06,1.851807678171175304e-06,2.039120223998395061e-06,7.422222890144016016e-07,1.335712203708441719e-06,4.584833563748879525e-07,1.897907192947000104e-06,-6.202445222506462005e-08,1.655251430649817844e-07,8.104828325701003872e-07,3.767434414222813530e-07,0.000000000000000000e+00,3.706883776855416506e-07,1.229606502297133573e-06,0.000000000000000000e+00,1.631479326769108390e-06,0.000000000000000000e+00,0.000000000000000000e+00,1.953526656798503190e-06,nan,1.701438715296454403e-06,7.694147823938300215e-07,1.396942630919023732e-06,1.434215266236764629e-06,2.048028640741754633e-06,9.538008294175478763e-07,nan,1.625433526945752092e-06,7.158352200521453149e-07,nan,nan,nan,nan,nan,nan,nan,nan,nan
1.587338509013728991e-06,1.891720304391461986e-06,3.736234082591492507e-06,4.451097185872527679e-06,2.591938944669899235e-06,2.974273713602248776e-06,4.383787682247626969e-06,2.717283361915727220e-06,3.276524093062606678e-06,2.929841205152922653e-06,4.534166105461238141e-06,4.172477691822366434e-06,4.413240153367565517e-06,4.086936644822876563e-06,4.119886498206247523e-06,1.257972038822831590e-06,4.517925154831628761e-06,3.705584654177326943e-06,2.137987541858666650e-06,1.093038987575278804e-05,2.339125143997951367e-06,3.880927727017938329e-06,1.195452905996383044e-06,1.364506736858648627e-06,1.494253860114432830e-06,3.680245891486536638e-06,1.292442246243267908e-07,-3.296769137510499233e-08,1.099315516338568135e-06,5.028267617517438185e-07,0.000000000000000000e+00,7.007398023048052658e-08,1.818469875494404582e-06,0.000000000000000000e+00,3.271376290140548915e-06,0.000000000000000000e+00,0.000000000000000000e+00,4.620209910598447400e-06,nan,1.670336949169148467e-06,7.101859980450531764e-07,2.988461334743755896e-06,2.828308472808554691e-06,4.513859234494835194e-06,1.728005595738665969e-06,nan,1.743953503859667659e-06,9.171318531430114605e-07,nan,nan,nan,nan,nan,nan,nan,nan,nan
8.579218110784478508e-07,1.018854288836606486e-06,2.106267880436133042e-06,2.316020791511071801e-06,1.320189131740641310e-06,1.516232860153046112e-06,2.462511504636871310e-06,2.207808400536824323e-06,1.786903211278910686e-06,1.639937958927512946e-06,2.634940733999152674e-06,2.372309008618700175e-06,2.616115387460780680e-06,2.206322822647814973e-06,2.426018735801761609e-06,1.236420241282746563e-06,2.510064470533473613e-06,2.237305742303414852e-06,1.851807678171175304e-06,2.339125143997951367e-06,7.602068455271695187e-06,2.361950478126732366e-06,8.409118820277843499e-07,1.288095929797389566e-06,7.330064971698837558e-07,1.962101387853805269e-06,2.267724143667756161e-08,1.331879640581569543e-07,5.302261958006816817e-07,4.638007172207538500e-07,0.000000000000000000e+00,2.517712091155626924e-07,1.202696860992554671e-06,0.000000000000000000e+00,1.900005323890118925e-06,0.000000000000000000e+00,0.000000000000000000e+00,2.684918958990469363e-06,nan,1.733804493090686014e-06,8.208845606011521473e-07,1.749276978671982843e-06,1.670272157011684214e-06,2.432132934747369578e-06,1.345054139757318628e-06,nan,1.824398168248551842e-06,7.437516484053604501e-07,nan,nan,nan,nan,nan,nan,nan,nan,nan
1.562930810889337856e-06,1.764915863532276013e-06,3.505564971513467599e-06,3.669588733095462395e-06,2.166558094918643615e-06,2.641251930579004542e-06,3.644247058180094458e-06,2.696752134811660815e-06,2.986091210776806049e-06,3.050958236941494278e-06,3.970145752977057859e-06,3.453028014161507153e-06,3.803965711500223507e-06,3.585275374910946276e-06,3.811672763215756499e-06,1.375038425901787606e-06,4.177678222271118968e-06,3.194275451722093525e-06,2.039120223998395061e-06,3.880927727017938329e-06,2.361950478126732366e-06,9.256545260778330613e-06,1.200824902645838610e-06,1.446199096838276025e-06,1.121549944580155408e-06,3.562670224329768333e-06,1.282734703830238890e-07,3.721919649644408494e-08,9.773627903047030240e-07,2.518442447550285463e-07,0.000000000000000000e+00,3.604438553185604341e-07,1.724721904046573074e-06,0.000000000000000000e+00,3.118241291238260230e-06,0.000000000000000000e+00,0.000000000000000000e+00,4.193859281212065478e-06,nan,2.194790305442850447e-06,9.463608406668969798e-07,2.754294936852756654e-06,2.568777689641535275e-06,4.153024482410703790e-06,1.495062359546230613e-06,nan,1.964401505360780179e-06,9.385949578911967399e-07,nan,nan,nan,nan,nan,nan,nan,nan,nan
1.076648415312196403e-06,8.308342324749547014e-07,1.382756494617055524e-06,1.401854615154611553e-06,8.730738415207715581e-07,1.204434749716183524e-06,1.275293159401087416e-06,9.939277046290172972e-07,1.081107956518904845e-06,8.543524352269219951e-07,1.336162689754760019e-06,1.234155109191006010e-06,1.356677964252695944e-06,1.444391675404496421e-06,1.509334785584841703e-06,6.632274228745533744e-07,1.298657871025150860e-06,1.137745572594626087e-06,7.422222890144016016e-07,1.195452905996383044e-06,8.409118820277843499e-07,1.200824902645838610e-06,2.666666874696618668e-06,5.841781726563476926e-07,4.697197210476172744e-07,1.170953677059714431e-06,1.907702339545072455e-07,-4.238215979288543767e-09,1.321043912601933196e-07,2.967454404214143853e-07,0.000000000000000000e+00,1.192474625393740809e-07,7.380798534308481245e-07,0.000000000000000000e+00,9.770936043374928866e-07,0.000000000000000000e+00,0.000000000000000000e+00,1.430017867793375721e-06,nan,9.932195289898244688e-07,3.111447120012231805e-07,9.847313868913634778e-07,9.724798420532217728e-07,1.200302848074349934e-06,6.086582652805450462e-07,nan,6.829747847230653047e-07,3.954732603366366224e-07,nan,nan,nan,nan,nan,nan,nan,nan,nan
4.651436794803954238e-07,5.178638636307301043e-07,1.039690539737265800e-06,1.300760468198453320e-06,9.270993032368295613e-07,9.634827563558735746e-07,1.187409853736926829e-06,1.450314998789544497e-06,1.059074199847543766e-06,8.752811936078175814e-07,1.713533065959983275e-06,1.258686014497623806e-06,1.441195487025595326e-06,1.434113181070019999e-06,1.205510470592903804e-06,1.118038549857591533e-06,1.359089362622224041e-06,1.134295724570643595e-06,1.335712203708441719e-06,1.364506736858648627e-06,1.288095929797389566e-06,1.446199096838276025e-06,5.841781726563476926e-07,1.293292755058832417e-05,5.840262360862969083e-07,1.462867547695276319e-06,2.439966243749678243e-07,3.650649191339897258e-09,6.082987802351819626e-07,7.350578301397206080e-07,0.000000000000000000e+00,4.654603138291274756e-07,7.780389638798108933e-07,0.000000000000000000e+00,1.053429875172293066e-06,0.000000000000000000e+00,0.000000000000000000e+00,1.645683081447352731e-06,nan,1.390504145884624658e-06,9.920845130668980662e-07,9.562216485489965876e-07,1.090697950469192270e-06,1.472004850577048041e-06,9.769331209393730800e-07,nan,1.276394308690024028e-06,6.488890452999542841e-07,nan,nan,nan,nan,nan,nan,nan,nan,nan
6.706464777780171447e-07,5.812401956282245919e-07,9.031105342733126206e-07,1.174910483028830019e-06,3.793514758925074686e-07,9.017422814968907449e-07,7.991654104456523046e-07,7.162685366341654454e-07,6.641004552437537222e-07,7.301502254982824628e-07,1.144261491878515004e-06,1.188064270197112286e-06,8.191634573149925258e-07,6.495467373968984749e-07,1.019090910192206778e-06,6.587847998336677911e-07,8.886100352681437730e-07,9.621670207872079454e-07,4.584833563748879525e-07,1.494253860114432830e-06,7.330064971698837558e-07,1.121549944580155408e-06,4.697197210476172744e-07,5.840262360862969083e-07,4.100769242155584497e-05,8.377083725894209249e-07,-1.949511582610284234e-07,-1.717263269705425237e-08,1.218905003320385268e-06,3.637308446058064140e-07,0.000000000000000000e+00,2.021597583097777371e-07,1.012698672172330874e-06,0.000000000000000000e+00,8.221630878555517424e-07,0.000000000000000000e+00,0.000000000000000000e+00,6.774841860470680260e-07,nan,-2.159745776916046522e-07,-8.417806661801624437e-08,7.527032366376505281e-07,7.342367412504764030e-07,1.116852193725065033e-06,6.744384987603559074e-07,nan,9.835602054746645085e-07,7.234910320831672138e-07,nan,nan,nan,nan,nan,nan,nan,nan,nan
1.536121905698542085e-06,1.814923752613203315e-06,3.109394096031203854e-06,3.478269321459460107e-06,1.927338010478775824e-06,2.635878284947202678e-06,3.301678379693850961e-06,2.249385114360113104e-06,2.890486491503023136e-06,2.699908842362418580e-06,3.576844654856260299e-06,3.341746463676754553e-06,3.542533802114924556e-06,3.394361399789613756e-06,3.532805123757382482e-06,1.171655664319948529e-06,3.632432248629440590e-06,2.955571452060648315e-06,1.897907192947000104e-06,3.680245891486536638e-06,1.962101387853805269e-06,3.562670224329768333e-06,1.170953677059714431e-06,1.462867547695276319e-06,8.377083725894209249e-07,7.632417220751412426e-06,-2.193495636938842802e-08,-5.020088552026834259e-08,7.944352845098701633e-07,3.385631874203861069e-07,0.000000000000000000e+00,1.978611307412580097e-07,1.651870861711766108e-06,0.000000000000000000e+00,3.048102305578505590e-06,0.000000000000000000e+00,0.000000000000000000e+00,3.818216373212929815e-06,nan,1.513027984175137650e-06,7.568152658698001335e-07,2.523584371533133995e-06,2.583376849717676928e-06,4.022026184735539587e-06,1.393625884111254142e-06,nan,1.660722110260560876e-06,7.841449482842069052e-07,nan,nan,nan,nan,nan,nan,nan,nan,nan
4.452241340647216816e-08,7.559156761286267903e-08,2.569252520766676126e-09,2.403745494427269810e-08,-1.916639459066834498e-08,1.034213010562772959e-07,-5.954042316111506495e-08,3.981742945783660709e-08,9.724594588622105070e-09,2.892682428529428394e-08,-8.156788201199150003e-08,1.969103334648221656e-07,2.090464754543965094e-08,-4.281590562002337715e-10,7.007628965214714463e-08,2.233492350692795155e-07,-3.789232269792205751e-08,9.850512178988277054e-08,-6.202445222506462005e-08,1.292442246243267908e-07,2.267724143667756161e-08,1.282734703830238890e-07,1.907702339545072455e-07,2.439966243749678243e-07,-1.949511582610284234e-07,-2.193495636938842802e-08,1.478467973119497803e-05,3.184364762628938537e-08,2.083542734270984619e-08,6.430196960577187366e-08,0.000000000000000000e+00,2.040489454702020067e-07,5.898069971766136067e-08,0.000000000000000000e+00,2.889555565433787503e-08,0.000000000000000000e+00,0.000000000000000000e+00,-6.909523283086370585e-09,nan,4.820358210109360706e-07,1.914434818841348699e-07,5.414288391798666345e-08,2.792363006792046874e-08,1.519721224322220120e-07,3.001560532796676590e-07,nan,2.167962533240192281e-08,-1.232196261354537312e-07,nan,nan,nan,nan,nan,nan,nan,nan,nan
1.038524607575948610e-08,-4.441551540468016791e-09,7.652858090201876107e-08,1.909473517693354738e-08,1.035263397705571703e-07,-7.484762583340288930e-08,6.619528682574975884e-08,2.887175887719196000e-08,-1.806203710997486525e-08,1.046356405955873679e-07,-3.316907362276522250e-08,1.140385232834052463e-08,-1.983480274643122793e-09,1.881551045820905107e-08,9.173035581720478013e-08,1.089471884372020873e-07,7.706424638853434385e-08,-3.719375822017089957e-08,1.655251430649817844e-07,-3.296769137510499233e-08,1.331879640581569543e-07,3.721919649644408494e-08,-4.238215979288543767e-09,3.650649191339897258e-09,-1.717263269705425237e-08,-5.020088552026834259e-08,3.184364762628938537e-08,2.675895739942418149e-06,-1.640775435421938414e-07,-1.783026227492821924e-08,0.000000000000000000e+00,-1.608156002622773005e-08,6.290223586376568130e-08,0.000000000000000000e+00,8.337946694631363072e-08,0.000000000000000000e+00,0.000000000000000000e+00,7.980682167766088471e-09,nan,5.635526677401147050e-08,6.531288684013172628e-10,8.473641903531331619e-08,4.161736218340799538e-08,7.273281850420207444e-08,1.573937114151576583e-07,nan,-2.940191718449141990e-09,3.994720588813759284e-08,nan,nan,nan,nan,nan,nan,nan,nan,nan
2.147887728727928589e-07,2.928699825067466082e-07,7.117205673628989465e-07,8.771388964278879017e-07,5.205734825876338588e-07,5.307670018650153585e-07,5.696278076654697261e-07,6.239496784970825245e-07,5.077373801366578515e-07,2.693168314500372054e-07,2.562869607240541505e-07,9.203403462633061529e-07,5.722824632126469076e-07,9.608614665208312023e-07,5.920999374052501001e-07,7.950497872158113793e-07,8.126732463879530604e-07,6.714619770339648335e-07,8.104828325701003872e-07,1.099315516338568135e-06,5.302261958006816817e-07,9.773627903047030240e-07,1.321043912601933196e-07,6.082987802351819626e-07,1.218905003320385268e-06,7.944352845098701633e-07,2.083542734270984619e-08,-1.640775435421938414e-07,4.698272263629793316e-05,3.337420852768680868e-07,0.000000000000000000e+00,1.095912559960904737e-07,2.707482733078713246e-07,0.000000000000000000e+00,5.755771955356430015e-07,0.000000000000000000e+00,0.000000000000000000e+00,8.143009234811580639e-07,nan,1.153598744919473273e-06,2.659504782097767713e-07,4.690391006510154819e-07,5.463071392395629643e-07,4.677385878204996280e-07,7.484591901635225359e-08,nan,5.526936751040052149e-07,2.477261631530677076e-07,nan,nan,nan,nan,nan,nan,nan,nan,nan
1.049815347990997998e-07,1.554116293554771689e-07,2.919843764511031091e-07,2.989461192113766126e-07,2.347654968000514947e-07,6.348833266886131951e-08,3.400085267005680717e-07,4.267022907365630407e-07,1.729379190861440519e-07,2.088261681025236708e-07,6.325898802023398824e-07,2.764634042920512842e-07,2.578309684621734071e-07,3.972391488053061011e-07,3.067059494981155063e-07,6.739827663422955222e-07,3.961146715068136090e-07,3.748730178778295895e-07,3.767434414222813530e-07,5.028267617517438185e-07,4.638007172207538500e-07,2.518442447550285463e-07,2.967454404214143853e-07,7.350578301397206080e-07,3.637308446058064140e-07,3.385631874203861069e-07,6.430196960577187366e-08,-1.783026227492821924e-08,3.337420852768680868e-07,1.646926919174923851e-05,0.000000000000000000e+00,2.065441111738176777e-07,3.556455373637964108e-07,0.000000000000000000e+00,3.504869445844855982e-07,0.000000000000000000e+00,0.000000000000000000e+00,3.765782863683831296e-07,nan,7.081893642537644136e-07,3.613286255260349445e-07,2.214784649761221270e-07,4.124226832317296605e-07,4.284625611262308177e-07,5.995906658986675078e-07,nan,4.597074322928570163e-07,3.040999723251031906e-07,nan,nan,nan,nan,nan,nan,nan,nan,nan
0.000000000000000000e+00,0.000000000000000000e+00,0.000000000000000000e+00,0.000000000000000000e+00,0.000000000000000000e+00,0.000000000000000000e+00,0.000000000000000000e+00,0.000000000000000000e+00,0.000000000000000000e+00,0.000000000000000000e+00,0.000000000000000000e+00,0.000000000000000000e+00,0.000000000000000000e+00,0.000000000000000000e+00,0.000000000000000000e+00,0.000000000000000000e+00,0.000000000000000000e+00,0.000000000000000000e+00,0.000000000000000000e+00,0.000000000000000000e+00,0.000000000000000000e+00,0.000000000000000000e+00,0.000000000000000000e+00,0.000000000000000000e+00,0.000000000000000000e+00,0.000000000000000000e+00,0.000000000000000000e+00,0.000000000000000000e+00,0.000000000000000000e+00,0.000000000000000000e+00,0.000000000000000000e+00,0.000000000000000000e+00,0.000000000000000000e+00,0.000000000000000000e+00,0.000000000000000000e+00,0.000000000000000000e+00,0.000000000000000000e+00,0.000000000000000000e+00,nan,0.000000000000000000e+00,0.000000000000000000e+00,0.000000000000000000e+00,0.000000000000000000e+00,0.000000000000000000e+00,0.000000000000000000e+00,nan,0.000000000000000000e+00,0.000000000000000000e+00,nan,nan,nan,nan,nan,nan,nan,nan,nan
1.285464718669988171e-07,1.462624491695450567e-07,1.379502348275084040e-07,1.734562517209367659e-07,9.727116037431825499e-08,2.271066244246512158e-07,1.485218906058142257e-07,2.169296795976264231e-07,1.619764547615755018e-07,2.989914482082014570e-07,1.377402529618603621e-07,3.221078652716935485e-07,2.838543043475412044e-07,2.920562130253486354e-07,1.871439566589882157e-07,6.834486508871632195e-07,2.335484924211650631e-07,1.877889896433644853e-07,3.706883776855416506e-07,7.007398023048052658e-08,2.517712091155626924e-07,3.604438553185604341e-07,1.192474625393740809e-07,4.654603138291274756e-07,2.021597583097777371e-07,1.978611307412580097e-07,2.040489454702020067e-07,-1.608156002622773005e-08,1.095912559960904737e-07,2.065441111738176777e-07,0.000000000000000000e+00,1.193127118887125354e-05,2.391456921313798499e-07,0.000000000000000000e+00,1.417726443848679359e-07,0.000000000000000000e+00,0.000000000000000000e+00,1.984216793110417232e-07,nan,-2.372090613167030643e-08,3.451537808681286643e-07,4.637110618271354272e-08,2.402382071345097784e-07,2.515083722567219525e-07,1.837062668334735672e-07,nan,-4.029518891011586319e-08,1.119352090498504763e-07,nan,nan,nan,nan,nan,nan,nan,nan,nan
8.533819992799444761e-07,1.032978300000399750e-06,1.636969074218165620e-06,1.768382379540807678e-06,1.021197243602614513e-06,1.483102117670191303e-06,1.573239597891531179e-06,1.335140246276557126e-06,1.462802149000154222e-06,1.273679708574513497e-06,1.848314724492106656e-06,1.712582223304837328e-06,1.642337016916201184e-06,1.621978696114175281e-06,1.878852837014074975e-06,9.595300718990386620e-07,1.741803562426913073e-06,1.664109378400028896e-06,1.229606502297133573e-06,1.818469875494404582e-06,1.202696860992554671e-06,1.724721904046573074e-06,7.380798534308481245e-07,7.780389638798108933e-07,1.012698672172330874e-06,1.651870861711766108e-06,5.898069971766136067e-08,6.290223586376568130e-08,2.707482733078713246e-07,3.556455373637964108e-07,0.000000000000000000e+00,2.391456921313798499e-07,7.034037493318405050e-06,0.000000000000000000e+00,1.471541768025405815e-06,0.000000000000000000e+00,0.000000000000000000e+00,2.014300919027054209e-06,nan,1.276300080646879948e-06,5.431677190688183003e-07,1.430149320241578084e-06,1.385568690305813673e-06,2.024827195986499618e-06,1.016745338887182598e-06,nan,9.102977007474465557e-07,4.552597946766294617e-07,nan,nan,nan,nan,nan,nan,nan,nan,nan
