2.869708681750332985e-06,2.733435188945301592e-06,3.385438113431234952e-06,3.427962550397162245e-06,2.437222829117481194e-06,3.321137873899176202e-06,3.780944226535282263e-06,2.901923060898014924e-06,3.409696156133763626e-06,2.985741604351890304e-06,3.301192531225616071e-06,3.296794398779657129e-06,3.682736137137813978e-06,3.466703025163142412e-06,3.408655883397513646e-06,1.082844579295518427e-06,3.344143872251514360e-06,3.295703305737991936e-06,2.191656787403985764e-06,3.897483910774040551e-06,1.942011668695252875e-06,3.093222370455292837e-06,2.315815225589827565e-06,9.915483505365081326e-07,1.395673296325972948e-06,3.950487936688801247e-06,2.311127632195309819e-07,-6.400465698987375709e-08,2.102861368998967746e-07,1.126016911426533961e-06,0.000000000000000000e+00,6.088736947831404893e-07,3.145753712417347354e-06,0.000000000000000000e+00,3.298386547077547195e-06,0.000000000000000000e+00,0.000000000000000000e+00,3.955348837492733546e-06,nan,8.446024023229340216e-07,5.104462758221940851e-07,3.681655805975473983e-06,4.021520638279316803e-06,4.575708850613787814e-06,1.725712685934663811e-06,nan,1.894283497494196263e-06,1.372137842997703814e-06,nan,nan,nan,nan,nan,nan,nan,nan,nan
2.733435188945301592e-06,5.066727722824656557e-06,4.054766171198095507e-06,4.163746140893652501e-06,2.921316643250643198e-06,3.867001629583965131e-06,5.598171245013348198e-06,3.716634462317805056e-06,4.626609170204408434e-06,3.954618768972744186e-06,4.030691760066597094e-06,3.998230235832240987e-06,4.566684381518182389e-06,4.575809945965954106e-06,4.283831678584592809e-06,1.290641256735156755e-06,4.361433422475546086e-06,3.898146442576359029e-06,2.981785422767680609e-06,4.812614438198629601e-06,2.713995362557577318e-06,3.930904546567446960e-06,2.178368614477673264e-06,1.305173240395232701e-06,1.446633305078100728e-06,5.115515735942011166e-06,3.937255353400177345e-07,-1.086588711666465217e-07,-1.493234625438396228e-07,1.287717188257816775e-06,0.000000000000000000e+00,4.737198499312896084e-07,3.839426712499310200e-06,0.000000000000000000e+00,3.987372771367993196e-06,0.000000000000000000e+00,0.000000000000000000e+00,4.798746977495451540e-06,nan,1.670154631537425015e-06,5.893459070549247882e-07,2.542766225547094149e-06,5.223145485692109511e-06,5.642720734849459937e-06,1.994523245087453254e-06,nan,2.699142596055636997e-06,1.673221552783924085e-06,nan,nan,nan,nan,nan,nan,nan,nan,nan
3.385438113431234952e-06,4.054766171198095507e-06,9.704788906012852049e-06,6.410378538666853299e-06,3.650924204688756140e-06,4.967357462634304154e-06,6.264535860357836661e-06,5.043223911965863488e-06,5.543115390776195212e-06,4.792905086307900199e-06,5.553947973717668727e-06,5.652581811942438584e-06,6.104492958504750991e-06,5.865550322464585085e-06,6.065007039722052571e-06,1.687731467844230393e-06,5.741428145884594328e-06,5.469972029672627387e-06,3.824068004114506919e-06,6.503780806927393855e-06,3.466764063992854933e-06,5.154734346835092149e-06,3.031828716299463322e-06,1.380780760224628754e-06,1.721156354370915090e-06,6.360006261296656178e-06,2.145741631800177238e-07,-1.057540403025067343e-07,6.418798709435095560e-07,1.551847407887581506e-06,0.000000000000000000e+00,9.218523967233163958e-07,4.592857716588288132e-06,0.000000000000000000e+00,5.429055569461096266e-06,0.000000000000000000e+00,0.000000000000000000e+00,6.456038711030959930e-06,nan,2.059975291018951533e-06,1.007303503046200964e-06,5.536243274616798903e-06,6.436747733405452614e-06,7.518519655399183686e-06,2.342221760976407857e-06,nan,3.739469349056281562e-06,2.238655484341034668e-06,nan,nan,nan,nan,nan,nan,nan,nan,nan
3.427962550397162245e-06,4.163746140893652501e-06,6.410378538666853299e-06,8.045886210178300509e-06,3.683014580617307540e-06,5.118562031695740599e-06,6.171200855425888717e-06,5.024683306343425849e-06,5.734237587515013988e-06,5.198771471487899078e-06,5.836377274511289494e-06,5.704984911822518559e-06,6.232887606029892012e-06,6.117290134427756578e-06,5.769404993355373506e-06,1.727294972852938396e-06,5.748490724749017595e-06,5.625943146943342520e-06,4.476715276319935981e-06,6.936494324223845131e-06,3.440917423838790628e-06,5.274477241899706528e-06,3.126340689961613780e-06,1.646683938863709137e-06,1.889864237598049810e-06,6.767260613350528223e-06,4.169110095568812815e-07,7.524653693629946628e-09,6.253925749206453352e-07,1.448013995536417701e-06,0.000000000000000000e+00,1.104559205270469810e-06,5.095708213719151529e-06,0.000000000000000000e+00,5.757117675226318060e-06,0.000000000000000000e+00,0.000000000000000000e+00,6.665427737610941876e-06,nan,1.846636508215390006e-06,7.554191013057646453e-07,5.684025034308681770e-06,6.781910750374751575e-06,7.986133253120944339e-06,2.507071465134750908e-06,nan,3.701913463903775580e-06,2.307889138539202696e-06,nan,nan,nan,nan,nan,nan,nan,nan,nan
2.437222829117481194e-06,2.921316643250643198e-06,3.650924204688756140e-06,3.683014580617307540e-06,1.015974814550251495e-05,3.445119850447752270e-06,4.424878971478784348e-06,3.602006596914440027e-06,3.719512027967578262e-06,3.640227839229357651e-06,4.140657753240768662e-06,3.865203724948646644e-06,4.252348792049159989e-06,3.888186275101634396e-06,3.679581257863808413e-06,1.427596979887158008e-06,3.881087224073566739e-06,4.013146069906326836e-06,3.213518247025000216e-06,4.457705386911788149e-06,2.668095750115739387e-06,3.726945375962792079e-06,2.261314715588859815e-06,1.542557032417338054e-06,1.492451079566118490e-06,4.565105052111943700e-06,3.065921439352015987e-07,-9.613798197274430408e-08,3.401225086826827173e-07,9.803032432005066431e-07,0.000000000000000000e+00,5.592366980385298445e-07,3.556085453268114930e-06,0.000000000000000000e+00,3.845065430335408105e-06,0.000000000000000000e+00,0.000000000000000000e+00,4.477181665262330310e-06,nan,1.279146237084973363e-06,5.758592619739568000e-07,4.135763692956824798e-06,4.503618111485382609e-06,5.342112634286578294e-06,1.944827232145713486e-06,nan,2.630513860590304819e-06,1.562698843194167079e-06,nan,nan,nan,nan,nan,nan,nan,nan,nan
3.321137873899176202e-06,3.867001629583965131e-06,4.967357462634304154e-06,5.118562031695740599e-06,3.445119850447752270e-06,6.238801374854951430e-06,6.027693641502824193e-06,4.366243248340259895e-06,5.330216439071223864e-06,4.420631864624950270e-06,5.021394686121590202e-06,5.001513543333107557e-06,5.504958827368892651e-06,5.456142766800232333e-06,5.228842046128459401e-06,1.601713531038452025e-06,4.996806085313473454e-06,5.226138461045893410e-06,3.536633048917231832e-06,5.921295487342156203e-06,3.073479315669266057e-06,4.588894084158096526e-06,2.920299733310674323e-06,1.599256848895933896e-06,1.664450984014519602e-06,5.747932671133644952e-06,3.035477262116428796e-07,-3.384516828461940439e-07,2.548092870058008499e-07,1.222317505641931124e-06,0.000000000000000000e+00,9.054475122741351451e-07,4.462989601910217534e-06,0.000000000000000000e+00,5.004310326288114095e-06,0.000000000000000000e+00,0.000000000000000000e+00,5.822088444855140459e-06,nan,1.475364372834397785e-06,9.203288405420714505e-07,4.938874840682958908e-06,6.157726930385507138e-06,6.742905660227796011e-06,2.341770397729880504e-06,nan,3.067536377102464720e-06,1.939329299897892498e-06,nan,nan,nan,nan,nan,nan,nan,nan,nan
3.780944226535282263e-06,5.598171245013348198e-06,6.264535860357836661e-06,6.171200855425888717e-06,4.424878971478784348e-06,6.027693641502824193e-06,2.630974050861063267e-05,5.478178819056603665e-06,6.971482029680067516e-06,5.397744669078012735e-06,7.060169034450164004e-06,6.421130675866367976e-06,6.912212231364752372e-06,5.765437005983164884e-06,5.876730786050059297e-06,1.863466612315608541e-06,5.927490975697958091e-06,6.670164107043353293e-06,3.513199488885567793e-06,7.138872180644588519e-06,4.262106984145438262e-06,5.348413697601493697e-06,2.813998378039532210e-06,1.661759089405994594e-06,1.982991107731404840e-06,7.577187039608348541e-06,5.166091363151672559e-07,-1.862623498387046539e-07,3.482883782518695314e-07,9.776001360279385705e-07,0.000000000000000000e+00,1.050515642329772935e-06,5.574035948861931279e-06,0.000000000000000000e+00,6.055102168892959159e-06,0.000000000000000000e+00,0.000000000000000000e+00,6.671541200553261535e-06,nan,3.759343672462230721e-06,1.038072832100983248e-06,8.802587490649264675e-06,7.240437065638273468e-06,8.264658709470502952e-06,2.957430634462439970e-06,nan,2.972254217711139376e-06,1.631737653076224583e-06,nan,nan,nan,nan,nan,nan,nan,nan,nan
2.901923060898014924e-06,3.716634462317805056e-06,5.043223911965863488e-06,5.024683306343425849e-06,3.602006596914440027e-06,4.366243248340259895e-06,5.478178819056603665e-06,1.346281800750790539e-05,5.125296967864262006e-06,4.856270605148717365e-06,5.239535403035756833e-06,5.052039185835680405e-06,5.583252877790637948e-06,5.440778557921633361e-06,4.952367206397288156e-06,2.009027851828618528e-06,5.343200357646195784e-06,5.271242124243927224e-06,4.417977803243271188e-06,6.033916715680834618e-06,4.117480875946526436e-06,4.950978243004690517e-06,3.137105080089317723e-06,2.131862732401191428e-06,2.070782018045509736e-06,6.239585287141099635e-06,2.810963310881561989e-07,1.817048350449387062e-07,5.714214589252482466e-07,1.988742243769553721e-06,0.000000000000000000e+00,1.473619083734376128e-06,4.771307111452194914e-06,0.000000000000000000e+00,5.154031566785596442e-06,0.000000000000000000e+00,0.000000000000000000e+00,5.964812169026402480e-06,nan,2.072130127031276001e-06,1.417273126384871544e-06,4.708897173973126237e-06,5.824954562838950826e-06,7.294708799364197971e-06,2.507130471305491954e-06,nan,4.256404672129781148e-06,2.700212008421336993e-06,nan,nan,nan,nan,nan,nan,nan,nan,nan
3.409696156133763626e-06,4.626609170204408434e-06,5.543115390776195212e-06,5.734237587515013988e-06,3.719512027967578262e-06,5.330216439071223864e-06,6.971482029680067516e-06,5.125296967864262006e-06,8.140731680651943874e-06,5.045120781224146182e-06,5.605397305701414866e-06,5.412203347080001417e-06,6.289685328362384658e-06,6.013422359512284889e-06,5.686542502247668107e-06,1.802197216432449432e-06,6.015228885912898318e-06,5.772140764718373971e-06,3.931662754455734404e-06,6.748247593974452316e-06,3.597353887790782945e-06,5.314225739717238028e-06,2.919980817555728759e-06,1.681610881491585630e-06,1.948151497202920681e-06,6.722405595108940583e-06,3.954249173291905394e-07,-2.730820885864343785e-07,5.454350192089168411e-07,1.337024278072038085e-06,0.000000000000000000e+00,9.484876491366885523e-07,4.857018712796411239e-06,0.000000000000000000e+00,5.475544567117287716e-06,0.000000000000000000e+00,0.000000000000000000e+00,6.734642660673652953e-06,nan,1.921797109883297351e-06,8.565396301147035607e-07,4.081195347147672729e-06,6.950768032431043722e-06,7.584718932054656550e-06,2.417265222654764063e-06,nan,3.809726614973768883e-06,2.116209216146338213e-06,nan,nan,nan,nan,nan,nan,nan,nan,nan
2.985741604351890304e-06,3.954618768972744186e-06,4.792905086307900199e-06,5.198771471487899078e-06,3.640227839229357651e-06,4.420631864624950270e-06,5.397744669078012735e-06,4.856270605148717365e-06,5.045120781224146182e-06,8.289502662219360061e-06,5.277055176306327643e-06,5.208220676785645502e-06,5.630362372294287835e-06,5.304327891755782760e-06,4.973484913066323227e-06,1.682759313454941089e-06,5.187118272197248630e-06,5.104124252976530163e-06,3.434207974622057186e-06,6.098014493614466342e-06,3.254627123704988447e-06,5.176528217114063663e-06,2.781105439570904731e-06,1.705550093047805205e-06,1.798313022641213700e-06,6.395660062099178866e-06,3.699547770598774123e-07,-6.788751331739596317e-08,1.843788502528011104e-07,1.160392078691145001e-06,0.000000000000000000e+00,8.398652966824980664e-07,4.572960487111397129e-06,0.000000000000000000e+00,5.441456925535223852e-06,0.000000000000000000e+00,0.000000000000000000e+00,6.217418852321937909e-06,nan,1.828613110760794689e-06,6.633568540754192332e-07,5.537719004063422703e-06,6.408712586198682446e-06,7.478093940541766575e-06,2.537088937664542900e-06,nan,3.665047627724596168e-06,2.378812095805665056e-06,nan,nan,nan,nan,nan,nan,nan,nan,nan
3.301192531225616071e-06,4.030691760066597094e-06,5.553947973717668727e-06,5.836377274511289494e-06,4.140657753240768662e-06,5.021394686121590202e-06,7.060169034450164004e-06,5.239535403035756833e-06,5.605397305701414866e-06,5.277055176306327643e-06,1.122685552395089756e-05,5.895363409741114080e-06,6.309705557017553548e-06,5.830912486694509548e-06,5.563008334237349525e-06,2.177410208404132840e-06,6.031745910172151912e-06,5.663107495637115119e-06,3.616053194997104557e-06,6.917789894266027685e-06,3.854133435817714095e-06,5.661305871571854098e-06,3.206139306135813010e-06,1.981488760262666921e-06,1.958539413208323626e-06,6.710807554848113190e-06,2.110711053100098847e-07,-1.810326318301954563e-07,9.108907736790328800e-07,1.422962358981782980e-06,0.000000000000000000e+00,1.302634507315345657e-06,5.184425347331474074e-06,0.000000000000000000e+00,5.759444989019960233e-06,0.000000000000000000e+00,0.000000000000000000e+00,6.656534242140785391e-06,nan,2.532971640256842594e-06,1.231183260938025896e-06,6.462323226353887105e-06,6.602195425375125375e-06,7.810860124896394451e-06,2.626179347760190565e-06,nan,4.176264524548162238e-06,2.402694529512278163e-06,nan,nan,nan,nan,nan,nan,nan,nan,nan
3.296794398779657129e-06,3.998230235832240987e-06,5.652581811942438584e-06,5.704984911822518559e-06,3.865203724948646644e-06,5.001513543333107557e-06,6.421130675866367976e-06,5.052039185835680405e-06,5.412203347080001417e-06,5.208220676785645502e-06,5.895363409741114080e-06,1.033417326294875047e-05,6.217157041460093765e-06,5.943475933258353285e-06,5.836476109930902327e-06,1.598569792909158513e-06,5.631099648001582005e-06,6.493894730010433682e-06,3.855243114686041065e-06,6.670352419339017311e-06,3.594971951516443498e-06,5.463788617618525266e-06,3.081635536739345425e-06,1.652935344761845548e-06,1.730166670569259058e-06,6.639128000540963121e-06,2.396107725060400953e-07,-2.175620332137120641e-07,6.761773038287724201e-07,1.577236897124877036e-06,0.000000000000000000e+00,1.058843686286640609e-06,4.842666966251274916e-06,0.000000000000000000e+00,5.701573554907575648e-06,0.000000000000000000e+00,0.000000000000000000e+00,6.743447004099750340e-06,nan,1.466165609814578998e-06,6.128350596709426296e-07,5.706924604599132917e-06,6.666969443764111896e-06,8.152494295015331755e-06,2.504329213091685265e-06,nan,3.815046649304666766e-06,2.146347254791606702e-06,nan,nan,nan,nan,nan,nan,nan,nan,nan
3.682736137137813978e-06,4.566684381518182389e-06,6.104492958504750991e-06,6.232887606029892012e-06,4.252348792049159989e-06,5.504958827368892651e-06,6.912212231364752372e-06,5.583252877790637948e-06,6.289685328362384658e-06,5.630362372294287835e-06,6.309705557017553548e-06,6.217157041460093765e-06,9.043396837492665658e-06,6.469895176525492421e-06,6.340564476276149897e-06,1.912370912319919729e-06,6.339788628489526274e-06,6.242187855552028122e-06,4.496012802678086598e-06,7.337546352873107220e-06,3.951234348873135162e-06,5.887252330933019524e-06,3.230025127454860270e-06,1.778610616069442065e-06,1.989790915412165983e-06,7.213091449676385693e-06,2.966877153618224199e-07,1.939537399640757055e-08,4.109641538182566695e-08,1.409365388405288985e-06,0.000000000000000000e+00,8.336250824144296976e-07,4.966950938067485396e-06,0.000000000000000000e+00,6.065392800218662102e-06,0.000000000000000000e+00,0.000000000000000000e+00,7.332801494887332270e-06,nan,1.970479712840696414e-06,1.006309591790311559e-06,6.335474227648272801e-06,7.385658395210648864e-06,8.583892462996910413e-06,2.757048870784652847e-06,nan,3.883530113758974165e-06,2.617177861543349782e-06,nan,nan,nan,nan,nan,nan,nan,nan,nan
3.466703025163142412e-06,4.575809945965954106e-06,5.865550322464585085e-06,6.117290134427756578e-06,3.888186275101634396e-06,5.456142766800232333e-06,5.765437005983164884e-06,5.440778557921633361e-06,6.013422359512284889e-06,5.304327891755782760e-06,5.830912486694509548e-06,5.943475933258353285e-06,6.469895176525492421e-06,1.000000825852875276e-05,6.368504391250101338e-06,1.785969612785044554e-06,6.108657487789517826e-06,5.806591337132800198e-06,4.907228325921676397e-06,6.868797307613685392e-06,3.754569664317319382e-06,5.430604145097946911e-06,3.280854651594664706e-06,1.699754773071117905e-06,1.800488779472421842e-06,6.843684290576191395e-06,5.329840295880100628e-07,-6.795548779595026469e-08,-3.380118824731529666e-07,1.289282377282385758e-06,0.000000000000000000e+00,1.432251797641563491e-06,5.107888215783618096e-06,0.000000000000000000e+00,5.879948982940216987e-06,0.000000000000000000e+00,0.000000000000000000e+00,6.883905445380594368e-06,nan,2.349916269716735331e-06,6.579016389647982616e-07,5.102090443643202079e-06,7.078392945043522239e-06,8.380207801153865719e-06,2.885065536907044006e-06,nan,4.085480303679264850e-06,2.372192428985034078e-06,nan,nan,nan,nan,nan,nan,nan,nan,nan
3.408655883397513646e-06,4.283831678584592809e-06,6.065007039722052571e-06,5.769404993355373506e-06,3.679581257863808413e-06,5.228842046128459401e-06,5.876730786050059297e-06,4.952367206397288156e-06,5.686542502247668107e-06,4.973484913066323227e-06,5.563008334237349525e-06,5.836476109930902327e-06,6.340564476276149897e-06,6.368504391250101338e-06,8.318738619616323284e-06,1.584399629372951628e-06,5.824533536384405137e-06,5.726702168909444006e-06,4.684646493747107618e-06,6.665532075480505228e-06,3.619444981866837034e-06,5.262199358461314251e-06,2.930194033493815735e-06,1.567695982139203802e-06,1.711544655897168546e-06,6.433046309854009350e-06,2.645604525517963641e-07,-2.868734806832920534e-07,4.080598960511685282e-07,1.376199494060852877e-06,0.000000000000000000e+00,9.409118924743016114e-07,4.619649041780357173e-06,0.000000000000000000e+00,5.543168807007169034e-06,0.000000000000000000e+00,0.000000000000000000e+00,6.572957275300344037e-06,nan,2.125775765169925514e-06,6.407672915616925412e-07,5.612080680054320464e-06,6.743620341246516337e-06,7.696255288332384963e-06,2.364441196183146429e-06,nan,3.562649346747614631e-06,2.127887890419448492e-06,nan,nan,nan,nan,nan,nan,nan,nan,nan
1.082844579295518427e-06,1.290641256735156755e-06,1.687731467844230393e-06,1.727294972852938396e-06,1.427596979887158008e-06,1.601713531038452025e-06,1.863466612315608541e-06,2.009027851828618528e-06,1.802197216432449432e-06,1.682759313454941089e-06,2.177410208404132840e-06,1.598569792909158513e-06,1.912370912319919729e-06,1.785969612785044554e-06,1.584399629372951628e-06,1.145564439468742733e-05,1.931710519083303792e-06,1.977651207692006292e-06,1.890273311845570325e-06,2.027566377711064019e-06,1.956769508666891890e-06,1.911594479482601709e-06,1.199218273937640270e-06,1.398966467867536738e-06,9.460562431042955036e-07,2.201102125873124489e-06,5.403506028434136329e-08,6.079174421288163126e-08,4.624132162445480359e-07,9.791587052533955196e-07,0.000000000000000000e+00,9.890799726374291032e-07,1.925513673973298849e-06,0.000000000000000000e+00,1.777621144651684464e-06,0.000000000000000000e+00,0.000000000000000000e+00,2.087730502568363596e-06,nan,1.968744714847439615e-06,1.539741861976027141e-06,1.573325134784874226e-06,1.900548381799009261e-06,2.136497215413902182e-06,1.403022224935867745e-06,nan,1.795199220959035172e-06,1.098926181660607743e-06,nan,nan,nan,nan,nan,nan,nan,nan,nan
3.344143872251514360e-06,4.361433422475546086e-06,5.741428145884594328e-06,5.748490724749017595e-06,3.881087224073566739e-06,4.996806085313473454e-06,5.927490975697958091e-06,5.343200357646195784e-06,6.015228885912898318e-06,5.187118272197248630e-06,6.031745910172151912e-06,5.631099648001582005e-06,6.339788628489526274e-06,6.108657487789517826e-06,5.824533536384405137e-06,1.931710519083303792e-06,8.008041052388221111e-06,5.680719756987681680e-06,4.295480353360094019e-06,6.788529842668768018e-06,3.643799999755433799e-06,5.465092969683444415e-06,2.953600197728062251e-06,1.679272773016030921e-06,1.904219306117438853e-06,6.751164908430463858e-06,2.750886301531000045e-07,-2.056412029250436492e-07,7.819073691106868014e-07,1.612145455801142632e-06,0.000000000000000000e+00,1.087236777154003979e-06,4.672409882982283354e-06,0.000000000000000000e+00,5.659166986525977235e-06,0.000000000000000000e+00,0.000000000000000000e+00,6.829364681155109828e-06,nan,1.806865979134874702e-06,9.787750639767900484e-07,5.329129141668607233e-06,6.892942849088765247e-06,7.833781320388740971e-06,2.538068380249545609e-06,nan,3.892616123607635122e-06,2.469610283209332511e-06,nan,nan,nan,nan,nan,nan,nan,nan,nan
3.295703305737991936e-06,3.898146442576359029e-06,5.469972029672627387e-06,5.625943146943342520e-06,4.013146069906326836e-06,5.226138461045893410e-06,6.670164107043353293e-06,5.271242124243927224e-06,5.772140764718373971e-06,5.104124252976530163e-06,5.663107495637115119e-06,6.493894730010433682e-06,6.242187855552028122e-06,5.806591337132800198e-06,5.726702168909444006e-06,1.977651207692006292e-06,5.680719756987681680e-06,9.122285835368186866e-06,4.912443094467883650e-06,6.566191811680419834e-06,4.001710106034219468e-06,5.239952195647284931e-06,3.135631365311594042e-06,1.979262972207526233e-06,2.056698015889295907e-06,6.612501318557809016e-06,3.376652354981238290e-07,-2.030726899121529641e-07,8.893652532816644628e-07,1.618483210792999149e-06,0.000000000000000000e+00,9.956641540305279581e-07,4.880338313361164743e-06,0.000000000000000000e+00,5.594564033213075428e-06,0.000000000000000000e+00,0.000000000000000000e+00,6.510914476436566066e-06,nan,1.994965655877728142e-06,1.076528286496692810e-06,5.957734212661593459e-06,6.678272019680716661e-06,7.603711145013913174e-06,2.617561639788649942e-06,nan,3.830841023969821459e-06,2.383238171446487141e-06,nan,nan,nan,nan,nan,nan,nan,nan,nan
2.191656787403985764e-06,2.981785422767680609e-06,3.824068004114506919e-06,4.476715276319935981e-06,3.213518247025000216e-06,3.536633048917231832e-06,3.513199488885567793e-06,4.417977803243271188e-06,3.931662754455734404e-06,3.434207974622057186e-06,3.616053194997104557e-06,3.855243114686041065e-06,4.496012802678086598e-06,4.907228325921676397e-06,4.684646493747107618e-06,1.890273311845570325e-06,4.295480353360094019e-06,4.912443094467883650e-06,3.230743953060805031e-05,4.861139164953231512e-06,3.782111445976222919e-06,3.809293789948573053e-06,2.118965068925421907e-06,2.666196827154510684e-06,1.215323429565243301e-06,5.169802481171592818e-06,-1.603618674541508974e-06,-5.933469329939933662e-07,-6.169040901752714309e-07,4.802800283095603193e-06,0.000000000000000000e+00,4.555602373132111155e-08,2.991263946694597437e-06,0.000000000000000000e+00,4.546395191644244180e-06,0.000000000000000000e+00,0.000000000000000000e+00,4.635082670983813437e-06,nan,1.009536916864776284e-06,6.421520528858717325e-07,3.766339374650738720e-06,5.361078276360031969e-06,6.316107191828703906e-06,1.644511043284281434e-06,nan,2.477063749956425209e-06,2.101174378777161954e-06,nan,nan,nan,nan,nan,nan,nan,nan,nan
3.897483910774040551e-06,4.812614438198629601e-06,6.503780806927393855e-06,6.936494324223845131e-06,4.457705386911788149e-06,5.921295487342156203e-06,7.138872180644588519e-06,6.033916715680834618e-06,6.748247593974452316e-06,6.098014493614466342e-06,6.917789894266027685e-06,6.670352419339017311e-06,7.337546352873107220e-06,6.868797307613685392e-06,6.665532075480505228e-06,2.027566377711064019e-06,6.788529842668768018e-06,6.566191811680419834e-06,4.861139164953231512e-06,1.263816228597800273e-05,4.151217727652549727e-06,6.310345616141778752e-06,3.518912716899613637e-06,2.028372928372910468e-06,2.138163045434297308e-06,7.783671400296038147e-06,2.646352621576526154e-07,1.251764891015504714e-07,4.452477398657108151e-07,1.846410694979647235e-06,0.000000000000000000e+00,1.344973198256259878e-06,5.849493066978167738e-06,0.000000000000000000e+00,6.664600263251176083e-06,0.000000000000000000e+00,0.000000000000000000e+00,7.964956368761745293e-06,nan,2.086591647448217163e-06,9.282649101068535756e-07,6.716975634313971969e-06,8.082961019543100263e-06,9.575587565964672224e-06,2.983205205669094843e-06,nan,4.468041839111956665e-06,2.711612762530516567e-06,nan,nan,nan,nan,nan,nan,nan,nan,nan
1.942011668695252875e-06,2.713995362557577318e-06,3.466764063992854933e-06,3.440917423838790628e-06,2.668095750115739387e-06,3.073479315669266057e-06,4.262106984145438262e-06,4.117480875946526436e-06,3.597353887790782945e-06,3.254627123704988447e-06,3.854133435817714095e-06,3.594971951516443498e-06,3.951234348873135162e-06,3.754569664317319382e-06,3.619444981866837034e-06,1.956769508666891890e-06,3.643799999755433799e-06,4.001710106034219468e-06,3.782111445976222919e-06,4.151217727652549727e-06,6.990867865683833477e-06,3.569339270297676822e-06,2.019255516963008146e-06,2.025214086596358801e-06,1.369016684429718132e-06,4.167850901744761370e-06,2.863148048919101129e-07,-1.625239041364135204e-07,6.451342779503901415e-07,1.707397636625105501e-06,0.000000000000000000e+00,9.100183700718961651e-07,3.142549828422080221e-06,0.000000000000000000e+00,3.503856492025685179e-06,0.000000000000000000e+00,0.000000000000000000e+00,4.042158448287543189e-06,nan,2.129973672160471384e-06,1.214668775982201737e-06,3.473481672403688573e-06,4.255927508520361595e-06,5.012794147217657548e-06,2.075682470602469153e-06,nan,3.132436587717891886e-06,1.936417661036640326e-06,nan,nan,nan,nan,nan,nan,nan,nan,nan
3.093222370455292837e-06,3.930904546567446960e-06,5.154734346835092149e-06,5.274477241899706528e-06,3.726945375962792079e-06,4.588894084158096526e-06,5.348413697601493697e-06,4.950978243004690517e-06,5.314225739717238028e-06,5.176528217114063663e-06,5.661305871571854098e-06,5.463788617618525266e-06,5.887252330933019524e-06,5.430604145097946911e-06,5.262199358461314251e-06,1.911594479482601709e-06,5.465092969683444415e-06,5.239952195647284931e-06,3.809293789948573053e-06,6.310345616141778752e-06,3.569339270297676822e-06,8.725380453068304378e-06,2.916291866703953693e-06,1.770949527844112845e-06,1.871036224372666404e-06,6.588101923462262261e-06,1.966159792244323065e-07,-2.239191929643480327e-07,1.854237522646522484e-07,1.360992147974039786e-06,0.000000000000000000e+00,1.008061006782581295e-06,4.679226882041617188e-06,0.000000000000000000e+00,5.438482382985489313e-06,0.000000000000000000e+00,0.000000000000000000e+00,6.453523424742558606e-06,nan,2.014960068763035833e-06,9.500288784371936708e-07,5.027308588580550820e-06,6.530179514223065892e-06,7.638488703676875042e-06,2.553951703109580500e-06,nan,3.695968152456133536e-06,2.401985613429072849e-06,nan,nan,nan,nan,nan,nan,nan,nan,nan
2.315815225589827565e-06,2.178368614477673264e-06,3.031828716299463322e-06,3.126340689961613780e-06,2.261314715588859815e-06,2.920299733310674323e-06,2.813998378039532210e-06,3.137105080089317723e-06,2.919980817555728759e-06,2.781105439570904731e-06,3.206139306135813010e-06,3.081635536739345425e-06,3.230025127454860270e-06,3.280854651594664706e-06,2.930194033493815735e-06,1.199218273937640270e-06,2.953600197728062251e-06,3.135631365311594042e-06,2.118965068925421907e-06,3.518912716899613637e-06,2.019255516963008146e-06,2.916291866703953693e-06,4.194993342071684668e-06,1.164473278711877488e-06,1.459994914419626022e-06,3.648179867758692905e-06,3.400108242246991630e-07,3.092934502098543781e-07,5.277802837085079741e-08,1.078266925931195725e-06,0.000000000000000000e+00,8.883212427751165762e-07,3.178613820287717285e-06,0.000000000000000000e+00,3.008444043837535233e-06,0.000000000000000000e+00,0.000000000000000000e+00,3.493028329995109565e-06,nan,1.278618958199454530e-06,7.774709074495470609e-07,2.951665030940837224e-06,3.507533394249343305e-06,4.370349660577746396e-06,1.745428484739453661e-06,nan,2.307280050829685469e-06,1.510671821795245725e-06,nan,nan,nan,nan,nan,nan,nan,nan,nan
9.915483505365081326e-07,1.305173240395232701e-06,1.380780760224628754e-06,1.646683938863709137e-06,1.542557032417338054e-06,1.599256848895933896e-06,1.661759089405994594e-06,2.131862732401191428e-06,1.681610881491585630e-06,1.705550093047805205e-06,1.981488760262666921e-06,1.652935344761845548e-06,1.778610616069442065e-06,1.699754773071117905e-06,1.567695982139203802e-06,1.398966467867536738e-06,1.679272773016030921e-06,1.979262972207526233e-06,2.666196827154510684e-06,2.028372928372910468e-06,2.025214086596358801e-06,1.770949527844112845e-06,1.164473278711877488e-06,1.088948658554940720e-05,9.757716616698824106e-07,2.233903346657415278e-06,1.964299758805690807e-07,2.454109847633705977e-07,1.001509454622869546e-06,1.508105883264365406e-06,0.000000000000000000e+00,8.189745548098248378e-07,2.072566082988188723e-06,0.000000000000000000e+00,1.716958916535439042e-06,0.000000000000000000e+00,0.000000000000000000e+00,1.987290461038140657e-06,nan,1.267126485885342923e-06,5.603954365897169670e-07,1.609789221663583608e-06,1.925841677656080527e-06,2.234565696972467762e-06,1.329783197375371005e-06,nan,2.036518222008198574e-06,1.164082977647565137e-06,nan,nan,nan,nan,nan,nan,nan,nan,nan
1.395673296325972948e-06,1.446633305078100728e-06,1.721156354370915090e-06,1.889864237598049810e-06,1.492451079566118490e-06,1.664450984014519602e-06,1.982991107731404840e-06,2.070782018045509736e-06,1.948151497202920681e-06,1.798313022641213700e-06,1.958539413208323626e-06,1.730166670569259058e-06,1.989790915412165983e-06,1.800488779472421842e-06,1.711544655897168546e-06,9.460562431042955036e-07,1.904219306117438853e-06,2.056698015889295907e-06,1.215323429565243301e-06,2.138163045434297308e-06,1.369016684429718132e-06,1.871036224372666404e-06,1.459994914419626022e-06,9.757716616698824106e-07,1.058956683986259283e-05,2.391548786545474859e-06,1.915885183346476109e-07,1.955148267512908725e-07,8.059242125162864194e-07,1.139156791942739938e-06,0.000000000000000000e+00,9.054136555975429160e-07,1.990605151579333897e-06,0.000000000000000000e+00,1.891800953280483528e-06,0.000000000000000000e+00,0.000000000000000000e+00,1.913924660363164203e-06,nan,2.049445373962731264e-06,8.033361320893780598e-07,1.864452750176070005e-06,2.160651892165357662e-06,2.649525982188429486e-06,1.420087604850093168e-06,nan,1.361738716093213928e-06,1.030940110361330882e-06,nan,nan,nan,nan,nan,nan,nan,nan,nan
3.950487936688801247e-06,5.115515735942011166e-06,6.360006261296656178e-06,6.767260613350528223e-06,4.565105052111943700e-06,5.747932671133644952e-06,7.577187039608348541e-06,6.239585287141099635e-06,6.722405595108940583e-06,6.395660062099178866e-06,6.710807554848113190e-06,6.639128000540963121e-06,7.213091449676385693e-06,6.843684290576191395e-06,6.433046309854009350e-06,2.201102125873124489e-06,6.751164908430463858e-06,6.612501318557809016e-06,5.169802481171592818e-06,7.783671400296038147e-06,4.167850901744761370e-06,6.588101923462262261e-06,3.648179867758692905e-06,2.233903346657415278e-06,2.391548786545474859e-06,1.215978086316599449e-05,3.064639919361257562e-07,4.238179957154163609e-08,7.118438541488351813e-07,1.566260266476832337e-06,0.000000000000000000e+00,1.123139960184435493e-06,6.189580709572009189e-06,0.000000000000000000e+00,6.759375723113105319e-06,0.000000000000000000e+00,0.000000000000000000e+00,7.736126471739600713e-06,nan,2.430506419248939122e-06,1.017558408199432964e-06,5.992276814989272819e-06,8.009899825177155947e-06,9.573748444886751483e-06,3.342321329225284437e-06,nan,4.702696992973754990e-06,2.895186256796370581e-06,nan,nan,nan,nan,nan,nan,nan,nan,nan
2.311127632195309819e-07,3.937255353400177345e-07,2.145741631800177238e-07,4.169110095568812815e-07,3.065921439352015987e-07,3.035477262116428796e-07,5.166091363151672559e-07,2.810963310881561989e-07,3.954249173291905394e-07,3.699547770598774123e-07,2.110711053100098847e-07,2.396107725060400953e-07,2.966877153618224199e-07,5.329840295880100628e-07,2.645604525517963641e-07,5.403506028434136329e-08,2.750886301531000045e-07,3.376652354981238290e-07,-1.603618674541508974e-06,2.646352621576526154e-07,2.863148048919101129e-07,1.966159792244323065e-07,3.400108242246991630e-07,1.964299758805690807e-07,1.915885183346476109e-07,3.064639919361257562e-07,7.543939367817509687e-06,1.579127802240865783e-07,-3.387340903925389731e-07,-2.426949328921269252e-07,0.000000000000000000e+00,3.477178338376700240e-07,4.817050000453954713e-07,0.000000000000000000e+00,2.753908817567678217e-07,0.000000000000000000e+00,0.000000000000000000e+00,4.285675633459703752e-07,nan,1.397891223376646563e-07,1.434625504687498605e-07,-2.698849668907889687e-07,4.071093835468097779e-07,1.215855968580730469e-07,2.247489229169540129e-07,nan,5.026420613197561733e-07,-9.488827088717701080e-08,nan,nan,nan,nan,nan,nan,nan,nan,nan
-6.400465698987375709e-08,-1.086588711666465217e-07,-1.057540403025067343e-07,7.524653693629946628e-09,-9.613798197274430408e-08,-3.384516828461940439e-07,-1.862623498387046539e-07,1.817048350449387062e-07,-2.730820885864343785e-07,-6.788751331739596317e-08,-1.810326318301954563e-07,-2.175620332137120641e-07,1.939537399640757055e-08,-6.795548779595026469e-08,-2.868734806832920534e-07,6.079174421288163126e-08,-2.056412029250436492e-07,-2.030726899121529641e-07,-5.933469329939933662e-07,1.251764891015504714e-07,-1.625239041364135204e-07,-2.239191929643480327e-07,3.092934502098543781e-07,2.454109847633705977e-07,1.955148267512908725e-07,4.238179957154163609e-08,1.579127802240865783e-07,5.197184567088019349e-05,-2.635253738605901087e-07,4.203116303574278593e-07,0.000000000000000000e+00,2.284800391035951215e-07,2.142837495995820963e-07,0.000000000000000000e+00,-4.933496430364493986e-07,0.000000000000000000e+00,0.000000000000000000e+00,-3.520066257540657605e-07,nan,3.680248110453251740e-07,1.674036672992113357e-07,1.685867569222097561e-07,-5.229325389199471115e-07,5.878652534046643473e-08,-1.766652203745546387e-07,nan,-1.622349297777229076e-09,3.359956576824110481e-07,nan,nan,nan,nan,nan,nan,nan,nan,nan
2.102861368998967746e-07,-1.493234625438396228e-07,6.418798709435095560e-07,6.253925749206453352e-07,3.401225086826827173e-07,2.548092870058008499e-07,3.482883782518695314e-07,5.714214589252482466e-07,5.454350192089168411e-07,1.843788502528011104e-07,9.108907736790328800e-07,6.761773038287724201e-07,4.109641538182566695e-08,-3.380118824731529666e-07,4.080598960511685282e-07,4.624132162445480359e-07,7.819073691106868014e-07,8.893652532816644628e-07,-6.169040901752714309e-07,4.452477398657108151e-07,6.451342779503901415e-07,1.854237522646522484e-07,5.277802837085079741e-08,1.001509454622869546e-06,8.059242125162864194e-07,7.118438541488351813e-07,-3.387340903925389731e-07,-2.635253738605901087e-07,1.357498379376725136e-04,1.501109272589157452e-06,0.000000000000000000e+00,7.553588460489810615e-07,1.787011607067008742e-07,0.000000000000000000e+00,3.429061756269975439e-07,0.000000000000000000e+00,0.000000000000000000e+00,-1.564154754951951319e-08,nan,-3.250210831758348209e-07,8.335646875563409437e-07,5.450203525624361229e-07,1.957590234594224420e-07,6.007488097791250952e-07,-3.086352578245610471e-07,nan,9.754189985655688754e-07,7.028106261251533258e-07,nan,nan,nan,nan,nan,nan,nan,nan,nan
1.126016911426533961e-06,1.287717188257816775e-06,1.551847407887581506e-06,1.448013995536417701e-06,9.803032432005066431e-07,1.222317505641931124e-06,9.776001360279385705e-07,1.988742243769553721e-06,1.337024278072038085e-06,1.160392078691145001e-06,1.422962358981782980e-06,1.577236897124877036e-06,1.409365388405288985e-06,1.289282377282385758e-06,1.376199494060852877e-06,9.791587052533955196e-07,1.612145455801142632e-06,1.618483210792999149e-06,4.802800283095603193e-06,1.846410694979647235e-06,1.707397636625105501e-06,1.360992147974039786e-06,1.078266925931195725e-06,1.508105883264365406e-06,1.139156791942739938e-06,1.566260266476832337e-06,-2.426949328921269252e-07,4.203116303574278593e-07,1.501109272589157452e-06,3.241060439737703208e-05,0.000000000000000000e+00,1.720624815971687617e-06,1.525656462996344416e-06,0.000000000000000000e+00,1.503478644099994693e-06,0.000000000000000000e+00,0.000000000000000000e+00,1.364919162940930890e-06,nan,1.411029205030721122e-06,9.388575053168270950e-07,-6.235077077510826925e-08,1.710760509348270720e-06,2.219105853945646232e-06,1.163311891448617855e-06,nan,1.939987830265051604e-06,9.125485501953072521e-07,nan,nan,nan,nan,nan,nan,nan,nan,nan
0.000000000000000000e+00,0.000000000000000000e+00,0.000000000000000000e+00,0.000000000000000000e+00,0.000000000000000000e+00,0.000000000000000000e+00,0.000000000000000000e+00,0.000000000000000000e+00,0.000000000000000000e+00,0.000000000000000000e+00,0.000000000000000000e+00,0.000000000000000000e+00,0.000000000000000000e+00,0.000000000000000000e+00,0.000000000000000000e+00,0.000000000000000000e+00,0.000000000000000000e+00,0.000000000000000000e+00,0.000000000000000000e+00,0.000000000000000000e+00,0.000000000000000000e+00,0.000000000000000000e+00,0.000000000000000000e+00,0.000000000000000000e+00,0.000000000000000000e+00,0.000000000000000000e+00,0.000000000000000000e+00,0.000000000000000000e+00,0.000000000000000000e+00,0.000000000000000000e+00,0.000000000000000000e+00,0.000000000000000000e+00,0.000000000000000000e+00,0.000000000000000000e+00,0.000000000000000000e+00,0.000000000000000000e+00,0.000000000000000000e+00,0.000000000000000000e+00,nan,0.000000000000000000e+00,0.000000000000000000e+00,0.000000000000000000e+00,0.000000000000000000e+00,0.000000000000000000e+00,0.000000000000000000e+00,nan,0.000000000000000000e+00,0.000000000000000000e+00,nan,nan,nan,nan,nan,nan,nan,nan,nan
6.088736947831404893e-07,4.737198499312896084e-07,9.218523967233163958e-07,1.104559205270469810e-06,5.592366980385298445e-07,9.054475122741351451e-07,1.050515642329772935e-06,1.473619083734376128e-06,9.484876491366885523e-07,8.398652966824980664e-07,1.302634507315345657e-06,1.058843686286640609e-06,8.336250824144296976e-07,1.432251797641563491e-06,9.409118924743016114e-07,9.890799726374291032e-07,1.087236777154003979e-06,9.956641540305279581e-07,4.555602373132111155e-08,1.344973198256259878e-06,9.100183700718961651e-07,1.008061006782581295e-06,8.883212427751165762e-07,8.189745548098248378e-07,9.054136555975429160e-07,1.123139960184435493e-06,3.477178338376700240e-07,2.284800391035951215e-07,7.553588460489810615e-07,1.720624815971687617e-06,0.000000000000000000e+00,2.673332022572294549e-05,1.155301844727746456e-06,0.000000000000000000e+00,8.118580903297803386e-07,0.000000000000000000e+00,0.000000000000000000e+00,9.566228763569143286e-07,nan,1.707157530541171079e-06,1.649273061081279624e-06,8.093171358635540405e-07,8.129432216312284969e-07,1.354030403688774306e-06,3.611806644860382871e-07,nan,1.765235981410574474e-06,7.280302062466548770e-07,nan,nan,nan,nan,nan,nan,nan,nan,nan
3.145753712417347354e-06,3.839426712499310200e-06,4.592857716588288132e-06,5.095708213719151529e-06,3.556085453268114930e-06,4.462989601910217534e-06,5.574035948861931279e-06,4.771307111452194914e-06,4.857018712796411239e-06,4.572960487111397129e-06,5.184425347331474074e-06,4.842666966251274916e-06,4.966950938067485396e-06,5.107888215783618096e-06,4.619649041780357173e-06,1.925513673973298849e-06,4.672409882982283354e-06,4.880338313361164743e-06,2.991263946694597437e-06,5.849493066978167738e-06,3.142549828422080221e-06,4.679226882041617188e-06,3.178613820287717285e-06,2.072566082988188723e-06,1.990605151579333897e-06,6.189580709572009189e-06,4.817050000453954713e-07,2.142837495995820963e-07,1.787011607067008742e-07,1.525656462996344416e-06,0.000000000000000000e+00,1.155301844727746456e-06,1.961799748794441794e-05,0.000000000000000000e+00,5.066950456750879249e-06,0.000000000000000000e+00,0.000000000000000000e+00,5.692094484503642400e-06,nan,1.974047441901310084e-06,1.080201203042343251e-06,4.660638623312935400e-06,5.751248688840348690e-06,6.816957816245088549e-06,2.577916713523171891e-06,nan,3.717133134625421679e-06,2.099270260873803073e-06,nan,nan,nan,nan,nan,nan,nan,nan,nan
