2.195963906111973480e-06,2.101374487272788020e-06,1.949735069916548723e-06,2.194209353895720442e-06,2.302815525613047814e-06,2.087875711412138741e-06,2.084447306560926157e-06,1.908601190327137789e-06,2.587825061919706028e-06,1.882083921962632363e-06,1.662328558603103334e-06,1.715361735967789481e-06,1.918453561994549165e-06,1.220483962142148917e-06,2.101680191732520831e-06,2.137394588460127273e-06,1.932008030004218225e-06,1.715339686913683302e-06,2.663240167828254956e-06,2.475678737942193415e-06,1.123457767268842886e-06,1.749870377108070369e-06,1.019755076242694897e-06,1.682891545947119998e-06,6.487944251147350985e-07,1.986784638539706256e-06,2.343922570959455970e-07,2.662714584273498366e-07,1.730361665862737093e-06,1.422826120619811327e-06,0.000000000000000000e+00,7.253286106602516847e-07,8.427809572380607911e-07,0.000000000000000000e+00,2.246776636949124748e-06,0.000000000000000000e+00,-1.858590019467662267e-08,2.005953309025047901e-06,1.797607166570481671e-06,2.869555304294013699e-06,4.946449282198187315e-07,2.484400503729624556e-06,2.097254148171543576e-06,2.126672813256420442e-06,1.247611677493360939e-06,nan,4.924710717715072901e-07,3.238803460486817438e-06,nan,nan,nan,nan,nan,nan,nan,nan,nan
2.101374487272788020e-06,2.672145999047972876e-06,2.155394253881644356e-06,2.408132881212961050e-06,2.443828078829305609e-06,2.304349278680986047e-06,2.302665716407251465e-06,2.039589804873884095e-06,2.934802255744849932e-06,2.079810635636762220e-06,1.774139641955975147e-06,1.848513054359466900e-06,2.059097338648266277e-06,1.341179964658366865e-06,2.318389744519145402e-06,2.290476819292396417e-06,2.096880632230329682e-06,1.904937170833037542e-06,2.857496398481874100e-06,2.711206673243560874e-06,1.165247700318483015e-06,1.908280831274032134e-06,9.524841357440248811e-07,1.792674434702775416e-06,5.001342050595607887e-07,2.115249752968351933e-06,2.729921727933867530e-07,2.341468046274522711e-07,1.752174854723213861e-06,1.501662297295848156e-06,0.000000000000000000e+00,6.836313859261973174e-07,9.183700326139555208e-07,0.000000000000000000e+00,2.534621812062450657e-06,0.000000000000000000e+00,-3.109589990292758625e-08,2.176689567252919177e-06,1.927157402546634200e-06,3.079695697456925449e-06,4.654255489119537904e-07,2.666282308433443254e-06,2.332807740802534545e-06,2.316342938320415906e-06,1.201119413523124199e-06,nan,4.047493657889699445e-07,3.541796048134117690e-06,nan,nan,nan,nan,nan,nan,nan,nan,nan
1.949735069916548723e-06,2.155394253881644356e-06,3.096620963328007629e-06,2.561090342081149398e-06,2.794141704961331301e-06,2.438283671866311598e-06,2.484678157010754748e-06,2.271379734532069611e-06,2.916867283510200115e-06,2.156679138734410979e-06,2.029154911463395641e-06,2.116281799053967549e-06,2.235097675873209369e-06,1.636793861183134887e-06,2.563966100839106615e-06,2.528241318825713078e-06,2.376566036257317041e-06,2.202041503530675607e-06,3.088283563020104669e-06,2.873424364467301048e-06,1.444196981704377176e-06,2.210868087608620112e-06,1.091164865655344472e-06,2.035854709318414287e-06,6.238713005659099563e-07,2.314931871036923173e-06,4.045985272651577484e-07,2.773387567783007311e-07,2.209027274416137109e-06,1.674895179547729439e-06,0.000000000000000000e+00,7.257334985883174911e-07,9.824158466061016230e-07,0.000000000000000000e+00,2.615790330220832374e-06,0.000000000000000000e+00,-5.989065133557376228e-08,2.377244021089665001e-06,2.097486932278791854e-06,3.090099258340742215e-06,5.442475794143177212e-07,2.905712369156564572e-06,2.343247670025779647e-06,2.447259799702184619e-06,1.320623105098493802e-06,nan,6.711147299547839894e-07,3.729462228527330765e-06,nan,nan,nan,nan,nan,nan,nan,nan,nan
2.194209353895720442e-06,2.408132881212961050e-06,2.561090342081149398e-06,3.492402974197367783e-06,2.861554155676855222e-06,2.646152303135270372e-06,2.713025702621119905e-06,2.480386303910018291e-06,3.243674692087301629e-06,2.332414989910484137e-06,2.205348176538025308e-06,2.238478403992716203e-06,2.521760428852565940e-06,1.690708467392504560e-06,2.709220790308184113e-06,2.746512782818962144e-06,2.566800215308489156e-06,2.327359082053343549e-06,3.389435089594661831e-06,3.244038817245271387e-06,1.574781760415282733e-06,2.429659725941305724e-06,1.122503699977727402e-06,2.219279180610801329e-06,7.019923237123135323e-07,2.563684722474418886e-06,4.265846445691440526e-07,2.995639936351039764e-07,2.365303850400670116e-06,1.923665921101968625e-06,0.000000000000000000e+00,7.655230418124244070e-07,1.035008840388504925e-06,0.000000000000000000e+00,2.913394206568564806e-06,0.000000000000000000e+00,-4.646498623411766496e-08,2.614797098200918964e-06,2.333121290153192782e-06,3.441678661463073764e-06,6.284363120031830408e-07,3.103523119792604858e-06,2.584619739899183838e-06,2.710405734245807021e-06,1.423985327508512707e-06,nan,6.218383889586547809e-07,4.013437442000674724e-06,nan,nan,nan,nan,nan,nan,nan,nan,nan
2.302815525613047814e-06,2.443828078829305609e-06,2.794141704961331301e-06,2.861554155676855222e-06,5.673968702911435808e-06,2.732909970203176181e-06,2.886023843314565347e-06,2.558237733660921914e-06,3.285370049255608295e-06,2.397690937642939918e-06,2.313416318882606911e-06,2.357901038198504359e-06,2.513690668786944635e-06,2.127631425759559149e-06,2.849475032653006975e-06,2.869338721072578398e-06,2.695011207156035037e-06,2.446603071866559837e-06,3.458921832191104219e-06,3.323900622891756272e-06,1.656488358531952842e-06,2.542638437284115183e-06,1.265464167693078494e-06,2.286555962521586344e-06,5.956682221005694877e-07,2.567046215606538465e-06,5.084823655628932707e-07,2.337683755499324250e-07,2.682116491326280388e-06,2.067404497134205175e-06,0.000000000000000000e+00,8.264174661451160973e-07,1.126816776550913226e-06,0.000000000000000000e+00,2.951750723602045529e-06,0.000000000000000000e+00,-4.949210919948895373e-08,2.672922867363431245e-06,2.430976062816967813e-06,3.759882855666852048e-06,9.147092798121104089e-07,3.482079556729248397e-06,2.665208308307395434e-06,2.762650288547539797e-06,1.486859133178862646e-06,nan,5.809583584398564356e-07,4.589656373829160026e-06,nan,nan,nan,nan,nan,nan,nan,nan,nan
2.087875711412138741e-06,2.304349278680986047e-06,2.438283671866311598e-06,2.646152303135270372e-06,2.732909970203176181e-06,2.938451565982565277e-06,2.533985590807331492e-06,2.337516995894470592e-06,3.058238585898550228e-06,2.206768167555512187e-06,2.089873055731895630e-06,2.165775378951761713e-06,2.366850456473020899e-06,1.631421492383826620e-06,2.670420925276770848e-06,2.589889653447988126e-06,2.437396414060838634e-06,2.312033515821395142e-06,3.175669406811261181e-06,3.043768554521133255e-06,1.461940038242797024e-06,2.241320674084567205e-06,1.105777744751747261e-06,2.066236378132567692e-06,6.687512921931130079e-07,2.379233589286510377e-06,3.514757210638436895e-07,2.632383101538908292e-07,2.250717580538128643e-06,1.740453167486207656e-06,0.000000000000000000e+00,7.147930322657057095e-07,9.917601929233738990e-07,0.000000000000000000e+00,2.720541821759038528e-06,0.000000000000000000e+00,-3.797069932761433430e-08,2.457918554704631434e-06,2.176337698704129151e-06,3.213158154897099405e-06,6.062591093980217623e-07,2.983364497790394774e-06,2.449739753808209743e-06,2.558920989004482903e-06,1.348292665321982678e-06,nan,6.742750278533245886e-07,3.827875542570046209e-06,nan,nan,nan,nan,nan,nan,nan,nan,nan
2.084447306560926157e-06,2.302665716407251465e-06,2.484678157010754748e-06,2.713025702621119905e-06,2.886023843314565347e-06,2.533985590807331492e-06,3.475097931431798545e-06,2.406978810218943189e-06,3.122099831148715752e-06,2.279162441078884756e-06,2.144876936359760068e-06,2.196389566962310217e-06,2.383865055571721967e-06,1.677909732729412895e-06,2.593100177616060092e-06,2.705766516089684354e-06,2.481326424521803209e-06,2.258225835039539549e-06,3.287717400673087002e-06,3.096598247396452734e-06,1.494836032249969497e-06,2.324865099505130740e-06,1.104005565462744584e-06,2.148226509056059978e-06,5.594099043411243351e-07,2.423145109800417530e-06,4.115845754124449154e-07,1.639083283066779000e-07,2.302886590618197112e-06,1.865316042321644581e-06,0.000000000000000000e+00,7.326619207244111910e-07,1.022901516780560529e-06,0.000000000000000000e+00,2.793958782268935543e-06,0.000000000000000000e+00,-2.269177586671232185e-08,2.520942181988876969e-06,2.232505872348635722e-06,3.371469567030892209e-06,5.788906573031299756e-07,3.099381397151915878e-06,2.456604787146416860e-06,2.639390305597176406e-06,1.416107826547449776e-06,nan,4.827849534131291033e-07,4.080776977830124247e-06,nan,nan,nan,nan,nan,nan,nan,nan,nan
1.908601190327137789e-06,2.039589804873884095e-06,2.271379734532069611e-06,2.480386303910018291e-06,2.558237733660921914e-06,2.337516995894470592e-06,2.406978810218943189e-06,3.084493226814670422e-06,2.811526464954132602e-06,2.249216371969614481e-06,2.149419503922711354e-06,2.158059588626665974e-06,2.335096741881974143e-06,1.656667723300852838e-06,2.469241427450981135e-06,2.641856233410101180e-06,2.478526021883909286e-06,2.281181444269617251e-06,3.197204648702886986e-06,2.931246409398929321e-06,1.586319499317501051e-06,2.377503911941705820e-06,1.155042005457900895e-06,2.181761617212086051e-06,5.942160019234650535e-07,2.470697604562097528e-06,4.072145565208818137e-07,2.596131803645219271e-07,2.280561043919419171e-06,1.910446569671503798e-06,0.000000000000000000e+00,7.882565132042384330e-07,1.054268931107667486e-06,0.000000000000000000e+00,2.665482443749908004e-06,0.000000000000000000e+00,1.470258019120411330e-08,2.535485950077708259e-06,2.249932388523786551e-06,2.985763143418979860e-06,6.517329534884702869e-07,2.901790400154897141e-06,2.331412766514749722e-06,2.618601047445980948e-06,1.459913585194831166e-06,nan,7.383854963270013077e-07,3.627709253911340550e-06,nan,nan,nan,nan,nan,nan,nan,nan,nan
2.587825061919706028e-06,2.934802255744849932e-06,2.916867283510200115e-06,3.243674692087301629e-06,3.285370049255608295e-06,3.058238585898550228e-06,3.122099831148715752e-06,2.811526464954132602e-06,4.631379542705145549e-06,2.721517908556029129e-06,2.506308711839928019e-06,2.550643598953098152e-06,2.855334310945667555e-06,1.832181229657689740e-06,3.131206193374945168e-06,3.121113563804334263e-06,2.897290922699305407e-06,2.641651321489945424e-06,3.916457531669943666e-06,3.775508841490165144e-06,1.654011590470582994e-06,2.662868287590503726e-06,1.264648850772265239e-06,2.486405437926183259e-06,7.034438436494933449e-07,2.884538653232400434e-06,3.588406849534793615e-07,2.845802797680673784e-07,2.492455438157375533e-06,2.043050305563852060e-06,0.000000000000000000e+00,8.149082348151198516e-07,1.205511168036343432e-06,0.000000000000000000e+00,3.399647510413502214e-06,0.000000000000000000e+00,-5.602961171610121265e-08,3.005131454275747550e-06,2.593279012521192403e-06,4.061020878160483401e-06,5.842422590487033733e-07,3.637461521726821158e-06,3.094514529698481002e-06,3.155779927801472374e-06,1.597086269261689540e-06,nan,5.442010410317067529e-07,4.747162210460787593e-06,nan,nan,nan,nan,nan,nan,nan,nan,nan
1.882083921962632363e-06,2.079810635636762220e-06,2.156679138734410979e-06,2.332414989910484137e-06,2.397690937642939918e-06,2.206768167555512187e-06,2.279162441078884756e-06,2.249216371969614481e-06,2.721517908556029129e-06,3.032374419440225076e-06,1.996345366544894473e-06,2.027516422362177025e-06,2.152693112755887280e-06,1.563118440524284691e-06,2.324453147881939936e-06,2.466717034265766529e-06,2.331858628975265182e-06,2.126948449423096143e-06,3.028693380849896371e-06,2.749512848665351278e-06,1.420194651007319368e-06,2.134705408713963013e-06,1.155507150096790548e-06,2.033048880755606035e-06,7.451939235317366398e-07,2.320578910021570761e-06,3.620382115824188488e-07,2.836414052066880352e-07,2.089410056802022369e-06,1.836230000924363322e-06,0.000000000000000000e+00,8.108459080248443405e-07,1.050455654176249142e-06,0.000000000000000000e+00,2.522092583602290242e-06,0.000000000000000000e+00,-9.219406016054017363e-09,2.378121527258301423e-06,2.154375248023173200e-06,2.823534711057139964e-06,6.672702698421790136e-07,2.747175849363945166e-06,2.297372084683804378e-06,2.501173441368923067e-06,1.378449586108050162e-06,nan,5.492891489516871471e-07,3.456343625204307748e-06,nan,nan,nan,nan,nan,nan,nan,nan,nan
1.662328558603103334e-06,1.774139641955975147e-06,2.029154911463395641e-06,2.205348176538025308e-06,2.313416318882606911e-06,2.089873055731895630e-06,2.144876936359760068e-06,2.149419503922711354e-06,2.506308711839928019e-06,1.996345366544894473e-06,3.173982446544587633e-06,1.998239284276697687e-06,2.109995536049092363e-06,1.610513257635940474e-06,2.175672452937719048e-06,2.336283667876220135e-06,2.260868957134790652e-06,2.092598492194828291e-06,2.859231653856382525e-06,2.659105511350936617e-06,1.489280232543756771e-06,2.093050321035260305e-06,1.081673275264600697e-06,1.983733437940487591e-06,4.779653267328728345e-07,2.176674458180750207e-06,4.015518778324466943e-07,2.747014320490510407e-07,2.103569868000020785e-06,1.809947817083198911e-06,0.000000000000000000e+00,7.570555684901836783e-07,9.626881313895880888e-07,0.000000000000000000e+00,2.369491809491280560e-06,0.000000000000000000e+00,-2.091811152011293952e-08,2.299166899962344030e-06,2.095693957529490144e-06,2.672914837054186174e-06,6.520815304651230408e-07,2.599904161742975837e-06,2.078158353629859499e-06,2.377325567946789480e-06,1.352053410725476859e-06,nan,5.395536172086182614e-07,3.269176608558102630e-06,nan,nan,nan,nan,nan,nan,nan,nan,nan
1.715361735967789481e-06,1.848513054359466900e-06,2.116281799053967549e-06,2.238478403992716203e-06,2.357901038198504359e-06,2.165775378951761713e-06,2.196389566962310217e-06,2.158059588626665974e-06,2.550643598953098152e-06,2.027516422362177025e-06,1.998239284276697687e-06,2.615299548809842511e-06,2.111512708843567275e-06,1.629505600311402145e-06,2.278070764539879407e-06,2.349073816988193082e-06,2.318215675956365733e-06,2.188845083729198243e-06,2.888493715855383980e-06,2.622636276706761302e-06,1.489040383118721102e-06,2.098789461742113007e-06,1.132475624112134505e-06,2.006477468516289218e-06,5.057454725998745284e-07,2.156577651274464252e-06,3.688165867292044109e-07,2.910143784448574779e-07,2.129122782039439048e-06,1.805539644203751802e-06,0.000000000000000000e+00,7.916944674987381032e-07,9.860332889025523686e-07,0.000000000000000000e+00,2.367088899092713929e-06,0.000000000000000000e+00,8.670227500330541974e-09,2.306135626416501867e-06,2.065319460090108444e-06,2.657932169221269687e-06,6.866053353094894249e-07,2.624799551459449316e-06,2.128737043360222211e-06,2.349628023110395106e-06,1.339585935532815452e-06,nan,6.612950967545348557e-07,3.245019831305459032e-06,nan,nan,nan,nan,nan,nan,nan,nan,nan
1.918453561994549165e-06,2.059097338648266277e-06,2.235097675873209369e-06,2.521760428852565940e-06,2.513690668786944635e-06,2.366850456473020899e-06,2.383865055571721967e-06,2.335096741881974143e-06,2.855334310945667555e-06,2.152693112755887280e-06,2.109995536049092363e-06,2.111512708843567275e-06,3.168131936567387153e-06,1.642908822478779868e-06,2.494058511449680400e-06,2.565063106780935166e-06,2.440837214882361093e-06,2.224662830365514740e-06,3.146154122784190582e-06,2.964537462542403795e-06,1.556490382127362937e-06,2.304004446775054330e-06,1.114347059691844012e-06,2.097547043715996003e-06,6.434837865955896400e-07,2.386352439543655905e-06,4.290965232508904552e-07,2.491096737049494340e-07,2.245044289471160951e-06,1.870833506269513539e-06,0.000000000000000000e+00,7.433662891377052732e-07,9.961018538794096477e-07,0.000000000000000000e+00,2.637498516331652220e-06,0.000000000000000000e+00,-5.139087514738105599e-08,2.483702466102626390e-06,2.215098590449840931e-06,2.991407919193519386e-06,6.239548908179965808e-07,2.804908164191313824e-06,2.323219984381038316e-06,2.578207409765824326e-06,1.377489140205191335e-06,nan,6.111728654694633551e-07,3.587520632490712281e-06,nan,nan,nan,nan,nan,nan,nan,nan,nan
1.220483962142148917e-06,1.341179964658366865e-06,1.636793861183134887e-06,1.690708467392504560e-06,2.127631425759559149e-06,1.631421492383826620e-06,1.677909732729412895e-06,1.656667723300852838e-06,1.832181229657689740e-06,1.563118440524284691e-06,1.610513257635940474e-06,1.629505600311402145e-06,1.642908822478779868e-06,2.629924971653992935e-06,1.738321473043498120e-06,1.849599156391757980e-06,1.870175956466733500e-06,1.716336961515792365e-06,2.148953454833020499e-06,1.989475499784817877e-06,1.292678997251115907e-06,1.755283165827677369e-06,1.035510105050816468e-06,1.555413714117566640e-06,5.298892805863378825e-07,1.628718960759353736e-06,4.576717569535641870e-07,3.000249761666137172e-07,1.842691682178665776e-06,1.583335196426064487e-06,0.000000000000000000e+00,7.359052686526320736e-07,9.291492426000043993e-07,0.000000000000000000e+00,1.739312893438196919e-06,0.000000000000000000e+00,3.762812206336344810e-08,1.825167855969357719e-06,1.643281615199841876e-06,1.986781972781637358e-06,7.131299647516943687e-07,2.063227607076479751e-06,1.602361847054864534e-06,1.771708838666498880e-06,1.022672464141847767e-06,nan,6.190223101949192834e-07,2.486286129936440873e-06,nan,nan,nan,nan,nan,nan,nan,nan,nan
2.101680191732520831e-06,2.318389744519145402e-06,2.563966100839106615e-06,2.709220790308184113e-06,2.849475032653006975e-06,2.670420925276770848e-06,2.593100177616060092e-06,2.469241427450981135e-06,3.131206193374945168e-06,2.324453147881939936e-06,2.175672452937719048e-06,2.278070764539879407e-06,2.494058511449680400e-06,1.738321473043498120e-06,3.336419047107893043e-06,2.723608177349185070e-06,2.577770344403214481e-06,2.398050997337381667e-06,3.341160209767595927e-06,3.153336693785025013e-06,1.575793738459559378e-06,2.390803318033537012e-06,1.148663120604184319e-06,2.197343773375807749e-06,7.452815914375684473e-07,2.500589094071325543e-06,3.886194233645005315e-07,2.922057309739126754e-07,2.367607280716595528e-06,1.811959629245884306e-06,0.000000000000000000e+00,8.018841290587813606e-07,1.039312997431198188e-06,0.000000000000000000e+00,2.824251784798426187e-06,0.000000000000000000e+00,-3.182461842554387950e-08,2.605656369372533466e-06,2.275381942257981447e-06,3.261366155574325994e-06,6.063108236776593939e-07,3.113187603866234900e-06,2.561512622362399448e-06,2.715743710571017576e-06,1.375788185440418851e-06,nan,6.572038856037078501e-07,3.924580019193838538e-06,nan,nan,nan,nan,nan,nan,nan,nan,nan
2.137394588460127273e-06,2.290476819292396417e-06,2.528241318825713078e-06,2.746512782818962144e-06,2.869338721072578398e-06,2.589889653447988126e-06,2.705766516089684354e-06,2.641856233410101180e-06,3.121113563804334263e-06,2.466717034265766529e-06,2.336283667876220135e-06,2.349073816988193082e-06,2.565063106780935166e-06,1.849599156391757980e-06,2.723608177349185070e-06,5.387220493779951719e-06,2.735743761181689569e-06,2.501887567021989432e-06,3.610351532856458443e-06,3.206003838738975724e-06,1.751017564097815176e-06,2.612127864271107095e-06,1.250755227732645656e-06,2.461402054053323997e-06,9.204110832408510447e-07,2.772687249392011038e-06,4.369019353851239437e-07,3.090011188492069697e-07,2.672513772758551268e-06,2.108725257587188502e-06,0.000000000000000000e+00,8.505988371134168347e-07,1.185122584750424039e-06,0.000000000000000000e+00,2.980666968604405158e-06,0.000000000000000000e+00,-7.595095513134101996e-08,2.805136344770831067e-06,2.594384636561832987e-06,3.436291846071582219e-06,8.199734449933387271e-07,3.270213471165505470e-06,2.616750968303299304e-06,2.910651814123596344e-06,1.612466594500792102e-06,nan,5.738275616353537399e-07,4.059684618459239416e-06,nan,nan,nan,nan,nan,nan,nan,nan,nan
1.932008030004218225e-06,2.096880632230329682e-06,2.376566036257317041e-06,2.566800215308489156e-06,2.695011207156035037e-06,2.437396414060838634e-06,2.481326424521803209e-06,2.478526021883909286e-06,2.897290922699305407e-06,2.331858628975265182e-06,2.260868957134790652e-06,2.318215675956365733e-06,2.440837214882361093e-06,1.870175956466733500e-06,2.577770344403214481e-06,2.735743761181689569e-06,3.684919416281442993e-06,2.445817671843578524e-06,3.311610742321476940e-06,3.033949274245467706e-06,1.731675328852551736e-06,2.489902833134647409e-06,1.286231623006757108e-06,2.282922203614034891e-06,7.878129189002905230e-07,2.478566513940400802e-06,4.411596923782986344e-07,3.087069217174706461e-07,2.474875437577953828e-06,2.067367063768858956e-06,0.000000000000000000e+00,9.138167004971002969e-07,1.126889244227241693e-06,0.000000000000000000e+00,2.719051977399194886e-06,0.000000000000000000e+00,-1.581522156452206554e-08,2.635119014048866308e-06,2.391335894646277515e-06,3.073551349032770977e-06,7.357971595779149912e-07,2.993198837116248818e-06,2.443211616807843655e-06,2.683094621539933589e-06,1.484835852420619397e-06,nan,6.121853707738582121e-07,3.711249660340951382e-06,nan,nan,nan,nan,nan,nan,nan,nan,nan
1.715339686913683302e-06,1.904937170833037542e-06,2.202041503530675607e-06,2.327359082053343549e-06,2.446603071866559837e-06,2.312033515821395142e-06,2.258225835039539549e-06,2.281181444269617251e-06,2.641651321489945424e-06,2.126948449423096143e-06,2.092598492194828291e-06,2.188845083729198243e-06,2.224662830365514740e-06,1.716336961515792365e-06,2.398050997337381667e-06,2.501887567021989432e-06,2.445817671843578524e-06,3.426888466312417141e-06,3.023133075839076055e-06,2.825300958326342056e-06,1.596501234540062819e-06,2.238980074098728896e-06,1.161649746464397944e-06,2.065463450473813438e-06,6.053707301518556183e-07,2.270633697432669156e-06,3.926965932306584983e-07,2.520934779187145293e-07,2.237310134399940447e-06,1.852145696772357017e-06,0.000000000000000000e+00,7.410339527278815651e-07,1.054166506439535402e-06,0.000000000000000000e+00,2.471626589202562396e-06,0.000000000000000000e+00,-2.270790678347204858e-08,2.418227403410987981e-06,2.174470490922501035e-06,2.757890050221827345e-06,6.190912788923806004e-07,2.784545540406154632e-06,2.227924938185138877e-06,2.496120318712743843e-06,1.319752789455173696e-06,nan,5.675157724747302077e-07,3.394015035865707525e-06,nan,nan,nan,nan,nan,nan,nan,nan,nan
2.663240167828254956e-06,2.857496398481874100e-06,3.088283563020104669e-06,3.389435089594661831e-06,3.458921832191104219e-06,3.175669406811261181e-06,3.287717400673087002e-06,3.197204648702886986e-06,3.916457531669943666e-06,3.028693380849896371e-06,2.859231653856382525e-06,2.888493715855383980e-06,3.146154122784190582e-06,2.148953454833020499e-06,3.341160209767595927e-06,3.610351532856458443e-06,3.311610742321476940e-06,3.023133075839076055e-06,6.322364096640173960e-06,4.004622376097471911e-06,2.048846221756522007e-06,3.260102249870560910e-06,1.522913603358030626e-06,2.922077120523531536e-06,9.882102372883188902e-07,3.374493406476180381e-06,5.001097029778506484e-07,3.881840580149992882e-07,3.060556797308047942e-06,2.545339712045631850e-06,0.000000000000000000e+00,1.064403113664498080e-06,1.346629943509929121e-06,0.000000000000000000e+00,3.640909145549622082e-06,0.000000000000000000e+00,-4.700701308423646657e-08,3.433037682374728326e-06,3.112306969261956391e-06,4.203771397483542940e-06,8.554184845698958629e-07,3.984737007139502337e-06,3.212339795033364815e-06,3.519405210849486989e-06,1.935546409530582326e-06,nan,1.061423431456051528e-06,5.124141714292978646e-06,nan,nan,nan,nan,nan,nan,nan,nan,nan
2.475678737942193415e-06,2.711206673243560874e-06,2.873424364467301048e-06,3.244038817245271387e-06,3.323900622891756272e-06,3.043768554521133255e-06,3.096598247396452734e-06,2.931246409398929321e-06,3.775508841490165144e-06,2.749512848665351278e-06,2.659105511350936617e-06,2.622636276706761302e-06,2.964537462542403795e-06,1.989475499784817877e-06,3.153336693785025013e-06,3.206003838738975724e-06,3.033949274245467706e-06,2.825300958326342056e-06,4.004622376097471911e-06,5.133574230213781138e-06,1.865606803856623039e-06,2.831302727684353646e-06,1.357837957854738289e-06,2.634223012642896902e-06,1.080302786667144537e-06,3.026616341277857135e-06,4.046341638363035324e-07,2.981537409418715411e-07,2.704411097615877461e-06,2.223766311072815266e-06,0.000000000000000000e+00,8.862696027264497008e-07,1.247809701147923162e-06,0.000000000000000000e+00,3.411005531708678464e-06,0.000000000000000000e+00,-2.961411503614516890e-08,3.125069888236579672e-06,2.794479468764239443e-06,3.943803372744325326e-06,6.782944035130864540e-07,3.631736308830759210e-06,3.020066444514223467e-06,3.284370193123473720e-06,1.636058261369102010e-06,nan,8.623917545991900927e-07,4.675520266386609547e-06,nan,nan,nan,nan,nan,nan,nan,nan,nan
1.123457767268842886e-06,1.165247700318483015e-06,1.444196981704377176e-06,1.574781760415282733e-06,1.656488358531952842e-06,1.461940038242797024e-06,1.494836032249969497e-06,1.586319499317501051e-06,1.654011590470582994e-06,1.420194651007319368e-06,1.489280232543756771e-06,1.489040383118721102e-06,1.556490382127362937e-06,1.292678997251115907e-06,1.575793738459559378e-06,1.751017564097815176e-06,1.731675328852551736e-06,1.596501234540062819e-06,2.048846221756522007e-06,1.865606803856623039e-06,4.054053169847989800e-06,1.692406721413141606e-06,8.791730770464709227e-07,1.513952935075862474e-06,4.602758764466911480e-07,1.604083337183021198e-06,3.007322357360765294e-07,1.996780841102358158e-07,1.869720628586659616e-06,1.564899624419118840e-06,0.000000000000000000e+00,5.858850720079018957e-07,8.173171068619091749e-07,0.000000000000000000e+00,1.678763500475122667e-06,0.000000000000000000e+00,3.718337653073979055e-08,1.712050844168760382e-06,1.470362412628176952e-06,1.734916994386218147e-06,6.198593393282448324e-07,1.816166414106383743e-06,1.449735377549853948e-06,1.707884226000982500e-06,9.761902278573111473e-07,nan,2.112501818924634110e-07,2.185523787243797335e-06,nan,nan,nan,nan,nan,nan,nan,nan,nan
1.749870377108070369e-06,1.908280831274032134e-06,2.210868087608620112e-06,2.429659725941305724e-06,2.542638437284115183e-06,2.241320674084567205e-06,2.324865099505130740e-06,2.377503911941705820e-06,2.662868287590503726e-06,2.134705408713963013e-06,2.093050321035260305e-06,2.098789461742113007e-06,2.304004446775054330e-06,1.755283165827677369e-06,2.390803318033537012e-06,2.612127864271107095e-06,2.489902833134647409e-06,2.238980074098728896e-06,3.260102249870560910e-06,2.831302727684353646e-06,1.692406721413141606e-06,1.184800926130827884e-05,1.126579935448355817e-06,2.138024125170304297e-06,-1.008661236542351799e-07,2.356865586291000005e-06,5.483490166334033374e-07,1.925242005177979589e-07,2.371628436362144390e-06,1.961982093298914716e-06,0.000000000000000000e+00,7.925098060164989627e-07,1.079483156197377830e-06,0.000000000000000000e+00,2.581740176890558832e-06,0.000000000000000000e+00,-3.233501924726994172e-08,2.536293103746918988e-06,2.258242846597114213e-06,2.828062828953505328e-06,6.460632146372424887e-07,2.898311559677288347e-06,2.209633749902662592e-06,2.519709551239012595e-06,1.396774222570676797e-06,nan,6.717104483694969025e-07,3.503208015227924006e-06,nan,nan,nan,nan,nan,nan,nan,nan,nan
1.019755076242694897e-06,9.524841357440248811e-07,1.091164865655344472e-06,1.122503699977727402e-06,1.265464167693078494e-06,1.105777744751747261e-06,1.104005565462744584e-06,1.155042005457900895e-06,1.264648850772265239e-06,1.155507150096790548e-06,1.081673275264600697e-06,1.132475624112134505e-06,1.114347059691844012e-06,1.035510105050816468e-06,1.148663120604184319e-06,1.250755227732645656e-06,1.286231623006757108e-06,1.161649746464397944e-06,1.522913603358030626e-06,1.357837957854738289e-06,8.791730770464709227e-07,1.126579935448355817e-06,2.083570974757519566e-06,1.066123595288615238e-06,6.600439973561397340e-07,1.087950147277327800e-06,2.484750504786964375e-07,2.809212278508045278e-07,1.182964550708807428e-06,1.078631854860051493e-06,0.000000000000000000e+00,6.687080917934257879e-07,7.147875791835644964e-07,0.000000000000000000e+00,1.190236921809025994e-06,0.000000000000000000e+00,-7.693924996453823962e-09,1.244868979878017364e-06,1.145758408035312810e-06,1.331183850448720497e-06,6.544203004208046804e-07,1.417758708971928944e-06,1.136138338264589125e-06,1.234592847363699004e-06,8.278541931698036441e-07,nan,1.620589406859669088e-07,1.583835646091550823e-06,nan,nan,nan,nan,nan,nan,nan,nan,nan
1.682891545947119998e-06,1.792674434702775416e-06,2.035854709318414287e-06,2.219279180610801329e-06,2.286555962521586344e-06,2.066236378132567692e-06,2.148226509056059978e-06,2.181761617212086051e-06,2.486405437926183259e-06,2.033048880755606035e-06,1.983733437940487591e-06,2.006477468516289218e-06,2.097547043715996003e-06,1.555413714117566640e-06,2.197343773375807749e-06,2.461402054053323997e-06,2.282922203614034891e-06,2.065463450473813438e-06,2.922077120523531536e-06,2.634223012642896902e-06,1.513952935075862474e-06,2.138024125170304297e-06,1.066123595288615238e-06,3.358442659775806535e-06,6.289789918300703224e-07,2.308694747186862797e-06,4.043488457408806972e-07,2.353983239780303595e-07,2.187547493160454334e-06,1.859877186431153123e-06,0.000000000000000000e+00,7.573602053344041633e-07,9.773041514988527149e-07,0.000000000000000000e+00,2.411533475576506401e-06,0.000000000000000000e+00,-2.016794828527436603e-08,2.380728360321473876e-06,2.120071213545208332e-06,2.624573073558530858e-06,6.285476145292054602e-07,2.624806484863820360e-06,2.097354012904724009e-06,2.433874435276071559e-06,1.358219668865499068e-06,nan,6.737023660891594398e-07,3.270619112706402557e-06,nan,nan,nan,nan,nan,nan,nan,nan,nan
6.487944251147350985e-07,5.001342050595607887e-07,6.238713005659099563e-07,7.019923237123135323e-07,5.956682221005694877e-07,6.687512921931130079e-07,5.594099043411243351e-07,5.942160019234650535e-07,7.034438436494933449e-07,7.451939235317366398e-07,4.779653267328728345e-07,5.057454725998745284e-07,6.434837865955896400e-07,5.298892805863378825e-07,7.452815914375684473e-07,9.204110832408510447e-07,7.878129189002905230e-07,6.053707301518556183e-07,9.882102372883188902e-07,1.080302786667144537e-06,4.602758764466911480e-07,-1.008661236542351799e-07,6.600439973561397340e-07,6.289789918300703224e-07,7.573577425487403297e-05,6.069935343916919826e-07,3.378396254649927415e-07,1.900247182508521875e-07,6.360861827674310085e-07,6.912912524232659440e-07,0.000000000000000000e+00,4.810809390290149370e-07,6.677723260941398476e-07,0.000000000000000000e+00,7.567756342157492663e-07,0.000000000000000000e+00,-3.622298508593722786e-08,7.955991834730041136e-07,5.713517080825393301e-07,8.008346196305499921e-07,4.983909533669018179e-07,7.861501011754059429e-07,7.477346113336217505e-07,6.737778268653764424e-07,3.834584792677250475e-07,nan,1.509300454987222883e-06,8.465472987431428863e-07,nan,nan,nan,nan,nan,nan,nan,nan,nan
1.986784638539706256e-06,2.115249752968351933e-06,2.314931871036923173e-06,2.563684722474418886e-06,2.567046215606538465e-06,2.379233589286510377e-06,2.423145109800417530e-06,2.470697604562097528e-06,2.884538653232400434e-06,2.320578910021570761e-06,2.176674458180750207e-06,2.156577651274464252e-06,2.386352439543655905e-06,1.628718960759353736e-06,2.500589094071325543e-06,2.772687249392011038e-06,2.478566513940400802e-06,2.270633697432669156e-06,3.374493406476180381e-06,3.026616341277857135e-06,1.604083337183021198e-06,2.356865586291000005e-06,1.087950147277327800e-06,2.308694747186862797e-06,6.069935343916919826e-07,4.692185872979605612e-06,2.756939431777791514e-07,1.871762381408595123e-07,2.269793945512889687e-06,1.855644190590126654e-06,0.000000000000000000e+00,7.454675089763957140e-07,1.002084398806980627e-06,0.000000000000000000e+00,2.806891078589136193e-06,0.000000000000000000e+00,-7.429888047113827785e-08,2.727228793340507733e-06,2.396750699145035823e-06,3.097750952635069061e-06,4.830581884900979522e-07,2.989163660241236256e-06,2.402637363112722499e-06,2.824578832199336819e-06,1.455504020524324036e-06,nan,6.758975980701196432e-07,3.735387079327241529e-06,nan,nan,nan,nan,nan,nan,nan,nan,nan
2.343922570959455970e-07,2.729921727933867530e-07,4.045985272651577484e-07,4.265846445691440526e-07,5.084823655628932707e-07,3.514757210638436895e-07,4.115845754124449154e-07,4.072145565208818137e-07,3.588406849534793615e-07,3.620382115824188488e-07,4.015518778324466943e-07,3.688165867292044109e-07,4.290965232508904552e-07,4.576717569535641870e-07,3.886194233645005315e-07,4.369019353851239437e-07,4.411596923782986344e-07,3.926965932306584983e-07,5.001097029778506484e-07,4.046341638363035324e-07,3.007322357360765294e-07,5.483490166334033374e-07,2.484750504786964375e-07,4.043488457408806972e-07,3.378396254649927415e-07,2.756939431777791514e-07,1.409385587953958413e-05,1.172981798588185736e-07,5.570528341167372721e-07,5.568690327565412597e-07,0.000000000000000000e+00,2.653407992922153080e-07,2.698999105668364526e-07,0.000000000000000000e+00,3.009680644252660129e-07,0.000000000000000000e+00,7.245348790215250463e-08,3.782175272510405912e-07,4.368557633543846008e-07,3.561147672024699495e-07,3.016139274811920753e-07,4.321488485731238981e-07,3.661523171629658771e-07,3.081289554383394590e-07,6.078501569057427499e-08,nan,8.055713797116643827e-08,5.650565527445966387e-07,nan,nan,nan,nan,nan,nan,nan,nan,nan
2.662714584273498366e-07,2.341468046274522711e-07,2.773387567783007311e-07,2.995639936351039764e-07,2.337683755499324250e-07,2.632383101538908292e-07,1.639083283066779000e-07,2.596131803645219271e-07,2.845802797680673784e-07,2.836414052066880352e-07,2.747014320490510407e-07,2.910143784448574779e-07,2.491096737049494340e-07,3.000249761666137172e-07,2.922057309739126754e-07,3.090011188492069697e-07,3.087069217174706461e-07,2.520934779187145293e-07,3.881840580149992882e-07,2.981537409418715411e-07,1.996780841102358158e-07,1.925242005177979589e-07,2.809212278508045278e-07,2.353983239780303595e-07,1.900247182508521875e-07,1.871762381408595123e-07,1.172981798588185736e-07,5.091069153457814179e-06,3.629616288998963183e-07,4.084051695147963845e-07,0.000000000000000000e+00,2.209810580688688978e-07,1.223972954259010224e-07,0.000000000000000000e+00,2.306383586737208530e-07,0.000000000000000000e+00,3.969773073050268688e-10,2.239936445392265405e-07,2.506063021635856975e-07,2.211053785907192041e-07,-1.759535638471616349e-07,3.712436678995989602e-07,2.551685441939325743e-07,2.818654528993897890e-07,1.604751686237680193e-07,nan,-3.122416200562531875e-08,2.370205381917238499e-07,nan,nan,nan,nan,nan,nan,nan,nan,nan
1.730361665862737093e-06,1.752174854723213861e-06,2.209027274416137109e-06,2.365303850400670116e-06,2.682116491326280388e-06,2.250717580538128643e-06,2.302886590618197112e-06,2.280561043919419171e-06,2.492455438157375533e-06,2.089410056802022369e-06,2.103569868000020785e-06,2.129122782039439048e-06,2.245044289471160951e-06,1.842691682178665776e-06,2.367607280716595528e-06,2.672513772758551268e-06,2.474875437577953828e-06,2.237310134399940447e-06,3.060556797308047942e-06,2.704411097615877461e-06,1.869720628586659616e-06,2.371628436362144390e-06,1.182964550708807428e-06,2.187547493160454334e-06,6.360861827674310085e-07,2.269793945512889687e-06,5.570528341167372721e-07,3.629616288998963183e-07,9.775446217042716590e-06,2.196287670426335399e-06,0.000000000000000000e+00,8.904560983033888593e-07,1.157210280684642683e-06,0.000000000000000000e+00,2.393315246433487381e-06,0.000000000000000000e+00,2.971218896067152804e-08,2.458848955493329239e-06,2.102678722443145088e-06,2.736962543060723347e-06,6.863577107597237732e-07,2.885676308331114699e-06,2.143147384814244947e-06,2.387466433198455698e-06,1.372071509595454684e-06,nan,1.234524993685472768e-06,3.587997911258423757e-06,nan,nan,nan,nan,nan,nan,nan,nan,nan
1.422826120619811327e-06,1.501662297295848156e-06,1.674895179547729439e-06,1.923665921101968625e-06,2.067404497134205175e-06,1.740453167486207656e-06,1.865316042321644581e-06,1.910446569671503798e-06,2.043050305563852060e-06,1.836230000924363322e-06,1.809947817083198911e-06,1.805539644203751802e-06,1.870833506269513539e-06,1.583335196426064487e-06,1.811959629245884306e-06,2.108725257587188502e-06,2.067367063768858956e-06,1.852145696772357017e-06,2.545339712045631850e-06,2.223766311072815266e-06,1.564899624419118840e-06,1.961982093298914716e-06,1.078631854860051493e-06,1.859877186431153123e-06,6.912912524232659440e-07,1.855644190590126654e-06,5.568690327565412597e-07,4.084051695147963845e-07,2.196287670426335399e-06,6.357673698888929963e-06,0.000000000000000000e+00,8.675009316537091597e-07,9.585418182479848661e-07,0.000000000000000000e+00,1.980047729885399642e-06,0.000000000000000000e+00,-1.086881324014214166e-08,2.065228629165472678e-06,1.893072888405187995e-06,2.214894089381661835e-06,8.424792925029899057e-07,2.275195506440758936e-06,1.778476595432297569e-06,2.103642597449893827e-06,1.299700573219750719e-06,nan,5.867149614836420360e-07,2.744288968835814347e-06,nan,nan,nan,nan,nan,nan,nan,nan,nan
0.000000000000000000e+00,0.000000000000000000e+00,0.000000000000000000e+00,0.000000000000000000e+00,0.000000000000000000e+00,0.000000000000000000e+00,0.000000000000000000e+00,0.000000000000000000e+00,0.000000000000000000e+00,0.000000000000000000e+00,0.000000000000000000e+00,0.000000000000000000e+00,0.000000000000000000e+00,0.000000000000000000e+00,0.000000000000000000e+00,0.000000000000000000e+00,0.000000000000000000e+00,0.000000000000000000e+00,0.000000000000000000e+00,0.000000000000000000e+00,0.000000000000000000e+00,0.000000000000000000e+00,0.000000000000000000e+00,0.000000000000000000e+00,0.000000000000000000e+00,0.000000000000000000e+00,0.000000000000000000e+00,0.000000000000000000e+00,0.000000000000000000e+00,0.000000000000000000e+00,0.000000000000000000e+00,0.000000000000000000e+00,0.000000000000000000e+00,0.000000000000000000e+00,0.000000000000000000e+00,0.000000000000000000e+00,0.000000000000000000e+00,0.000000000000000000e+00,0.000000000000000000e+00,0.000000000000000000e+00,0.000000000000000000e+00,0.000000000000000000e+00,0.000000000000000000e+00,0.000000000000000000e+00,0.000000000000000000e+00,nan,0.000000000000000000e+00,0.000000000000000000e+00,nan,nan,nan,nan,nan,nan,nan,nan,nan
7.253286106602516847e-07,6.836313859261973174e-07,7.257334985883174911e-07,7.655230418124244070e-07,8.264174661451160973e-07,7.147930322657057095e-07,7.326619207244111910e-07,7.882565132042384330e-07,8.149082348151198516e-07,8.108459080248443405e-07,7.570555684901836783e-07,7.916944674987381032e-07,7.433662891377052732e-07,7.359052686526320736e-07,8.018841290587813606e-07,8.505988371134168347e-07,9.138167004971002969e-07,7.410339527278815651e-07,1.064403113664498080e-06,8.862696027264497008e-07,5.858850720079018957e-07,7.925098060164989627e-07,6.687080917934257879e-07,7.573602053344041633e-07,4.810809390290149370e-07,7.454675089763957140e-07,2.653407992922153080e-07,2.209810580688688978e-07,8.904560983033888593e-07,8.675009316537091597e-07,0.000000000000000000e+00,1.736923548053946176e-06,5.213268309960957233e-07,0.000000000000000000e+00,7.767532338295668023e-07,0.000000000000000000e+00,3.582337485050861808e-10,8.874861596869996819e-07,8.030104443552448352e-07,8.233087463982334756e-07,4.474579555914220722e-07,9.553159987158959371e-07,7.707051757248410507e-07,8.404107057021860872e-07,6.161851261548272090e-07,nan,1.649238327943113412e-07,1.084619448100624116e-06,nan,nan,nan,nan,nan,nan,nan,nan,nan
