8.336459587050145385e-07,6.469600370034833100e-07,4.196024065923447162e-07,5.986100439709954600e-07,7.026302546973547154e-07,5.111239152037012602e-07,5.202533076632398690e-07,4.654191170647455782e-07,7.021365595739832717e-07,3.770685880326972593e-07,5.681814564978336461e-07,3.926662715566466610e-07,4.615357498385217753e-07,4.934038970722551521e-07,5.213110021737393574e-07,3.360901642574922454e-07,4.592277361576986450e-07,4.357038509425549771e-07,5.270179704761338014e-07,5.447748315429145838e-07,2.738029778118629508e-07,2.993795291887526203e-07,2.954412331737315163e-07,3.990226775493593168e-07,1.640622650841442385e-07,4.556286554650196081e-07,2.293970874918168138e-07,2.513303238990980194e-07,4.803223054365974144e-07,2.688048925409960086e-07,2.378132362444542603e-07,2.515184715532953453e-07,4.547391052501984351e-07,5.069757044247457678e-07,5.316053519956998861e-07,0.000000000000000000e+00,-1.203699630215484785e-08,4.245106933844671497e-07,2.573763503326353312e-07,7.475299328121164383e-07,2.408064332237853915e-07,6.948412337375749752e-07,6.888820826723898880e-07,4.553616924308460805e-07,3.341639063591383203e-07,6.144308640900217758e-08,4.737397544044351109e-07,8.362206709464708580e-07,5.960212145291531513e-08,4.925125658380432754e-07,5.181125276047424352e-07,5.988324603183511917e-07,2.870309795773775214e-07,4.667847181463352814e-07,2.757583104183031840e-07,3.926628235510610472e-07,3.733744778018864107e-07
6.469600370034833100e-07,9.317081096533479508e-07,4.796077096646334470e-07,6.174944344105611540e-07,6.884799318416548135e-07,5.880622265480703535e-07,8.349731646001339681e-07,4.891086491796965969e-07,8.420471959128478725e-07,4.542343449596268598e-07,6.273826847609184880e-07,4.390926065232643175e-07,5.453341903346422091e-07,6.239922972127572977e-07,5.944714208139303353e-07,4.259820299545555826e-07,6.257594442876320149e-07,4.973627038250070328e-07,6.346827160662770674e-07,6.502263221848446304e-07,3.258624790465659278e-07,3.277093712267384998e-07,2.785090244393180622e-07,4.304887683232752758e-07,1.619631692749242730e-07,5.113857319978299062e-07,2.074748636377041094e-07,2.133756313789811514e-07,5.343100801767885316e-07,3.272406280712061017e-07,2.486356783639511319e-07,2.750061033946897429e-07,5.096999655004187506e-07,5.699661161079430800e-07,6.231818738209915717e-07,0.000000000000000000e+00,-1.254144268731065742e-08,4.978006613939002707e-07,3.190537331218401080e-07,7.882434323466905108e-07,3.716355566565057872e-07,7.272242245019975631e-07,6.209294797009695848e-07,6.014278686702426143e-07,3.114545789660501123e-07,8.390967585983791548e-08,5.579714408775419576e-07,9.433882383802094193e-07,5.029881539600877745e-08,5.656225320868271554e-07,6.060398908253744906e-07,6.364328676551171580e-07,3.014618263588435036e-07,5.434794919480304030e-07,2.570786554482893960e-07,4.679668569078500762e-07,4.589623641793485071e-07
4.196024065923447162e-07,4.796077096646334470e-07,8.087506151663663698e-07,4.589076373656403293e-07,5.971524619457956164e-07,4.372107887007610860e-07,5.845734821153370132e-07,3.673012016112488086e-07,5.829575726333527998e-07,3.221561597781744203e-07,4.658318644183954927e-07,3.842085533401719944e-07,4.190368382279337505e-07,4.645547652831678666e-07,4.798697285489828460e-07,3.545789604324851517e-07,4.169461979479061076e-07,4.249560644289202039e-07,4.805015894836225022e-07,4.639777318053976028e-07,2.985141397761030138e-07,2.841037433266074159e-07,2.502448245812525094e-07,3.660692355373039939e-07,1.338287869094324531e-07,4.021459377829196633e-07,1.710391532796733382e-07,1.641605088073314529e-07,4.185683305396820121e-07,2.898877124078725384e-07,1.829286012264081398e-07,2.194324662364520783e-07,3.396708423376695328e-07,4.347432389794388417e-07,4.301152653503306223e-07,0.000000000000000000e+00,1.432821011856719973e-10,4.219592907217040133e-07,2.836246353955702359e-07,5.359437769123734983e-07,2.036823071616223689e-07,5.593143143921170969e-07,4.547828225997645146e-07,4.311205228027743106e-07,2.526402211276549313e-07,3.799936612440790377e-08,4.429785462627359419e-07,6.068214583042593947e-07,3.678717134655548558e-08,4.292658705119255165e-07,4.809456094183060383e-07,5.051188713421930457e-07,2.144850247779630871e-07,3.930920078889573816e-07,2.136891790897564445e-07,3.818425984356062122e-07,3.774937045922302069e-07
5.986100439709954600e-07,6.174944344105611540e-07,4.589076373656403293e-07,9.658414798976575024e-07,7.236768419013729774e-07,5.157515178362934097e-07,1.954041763659423973e-07,4.338638662168671062e-07,6.970332227461991575e-07,3.642248125177939938e-07,5.655979790385115275e-07,3.771933255091815701e-07,4.764257255674106316e-07,5.038677375371305064e-07,5.329850452413329039e-07,3.481958707711229214e-07,5.592448297864375513e-07,4.475869649494650102e-07,5.250549794823662206e-07,5.490017115322574173e-07,2.904977844571824026e-07,2.718727417477174893e-07,2.260884495246634772e-07,4.054564355569991426e-07,1.461137554162035273e-07,4.433423731409539886e-07,1.807240829016294126e-07,1.942546961533837937e-07,4.627491161564006705e-07,2.774800878636380406e-07,2.334930435880059133e-07,2.139459990048660704e-07,4.450226608542569850e-07,4.790684731587946239e-07,5.046098748009350151e-07,0.000000000000000000e+00,4.466475174756609983e-08,4.279172116118622737e-07,2.761876885095624390e-07,7.146406098006740245e-07,2.964139789805381737e-07,6.816584806626947775e-07,6.373374382651308271e-07,4.753020545615865637e-07,2.725534552959529163e-07,5.721908893802274115e-08,4.828179232316057685e-07,7.638209318272338785e-07,6.459665621434629522e-08,4.939509252502177873e-07,5.206983407154306666e-07,5.690036884998255766e-07,2.277928254643516218e-07,4.210720894698049766e-07,2.300152992552370316e-07,4.141834738420451597e-07,3.927965562029335009e-07
7.026302546973547154e-07,6.884799318416548135e-07,5.971524619457956164e-07,7.236768419013729774e-07,2.444602360736725062e-06,6.581903232128605972e-07,7.636376014038846922e-07,5.595352690895623360e-07,9.247130061721889589e-07,4.625863965382050699e-07,6.930162984863274728e-07,5.054176843174502122e-07,6.257552485530566967e-07,6.548415436670265791e-07,6.995542644363482254e-07,5.258765266852150243e-07,4.757066380864991598e-07,5.821084911364111568e-07,7.063192982026812554e-07,7.333030123721658977e-07,3.318643281785983643e-07,3.525218889175991057e-07,2.846160195741489766e-07,5.084511070125577620e-07,1.509797121767678420e-07,5.629280728041591237e-07,1.961118258877798145e-07,1.931174265447870855e-07,5.977092297414272409e-07,3.454119059543410590e-07,3.060648406636926757e-07,2.201395176466748271e-07,4.401302889572252603e-07,6.271647169064065887e-07,6.632837210928709083e-07,0.000000000000000000e+00,-1.736645857173113109e-08,5.773313744878991866e-07,3.473166962748723506e-07,9.690524120938935226e-07,2.954390050623195964e-07,9.335302226810109758e-07,8.116310257740213359e-07,6.112152655190939435e-07,3.115188585195304238e-07,7.159153372918004881e-08,5.955704243034213182e-07,9.219169629525810118e-07,7.967170902155097015e-08,6.770585552452552682e-07,6.524009919146411983e-07,8.010762471236194446e-07,2.722921283634972030e-07,5.436327967283722433e-07,2.877524188220508245e-07,4.949356089622871452e-07,5.065188309943761842e-07
5.111239152037012602e-07,5.880622265480703535e-07,4.372107887007610860e-07,5.157515178362934097e-07,6.581903232128605972e-07,8.883670287956445955e-07,5.369081507932801511e-07,4.314210825696296458e-07,7.040483757900155492e-07,3.685215394418748983e-07,5.666779218689715953e-07,4.230797652878967531e-07,4.850721578446628742e-07,5.485492644486123679e-07,5.735085064944819910e-07,3.773250118167008686e-07,4.737449448567662492e-07,4.700825994133479383e-07,5.477813305131702584e-07,5.553646214253100645e-07,2.915157006965182348e-07,2.817471826434822347e-07,2.414521865729395145e-07,3.937468872532913582e-07,1.214784708456077699e-07,4.602860394807118760e-07,1.850153130965887187e-07,1.620713321678899860e-07,4.671894187486545137e-07,2.963679400497353309e-07,2.137880338938443246e-07,2.309432063721991528e-07,3.721094257746503756e-07,4.834759256929510104e-07,5.328955413233206671e-07,0.000000000000000000e+00,-6.410671159227271393e-09,4.434294302870466457e-07,2.947132483271397940e-07,6.668780120140069486e-07,3.014576337175493407e-07,6.525025779266263342e-07,5.265281384959585025e-07,5.239835667284987093e-07,2.650291874466365560e-07,9.331212783050442889e-08,4.806932496820446720e-07,7.594156423214689887e-07,5.271727061944060892e-08,4.933124128528546339e-07,5.164856751827499746e-07,5.718808433614541019e-07,2.171612908590854995e-07,4.443699517820865726e-07,2.208887855343182840e-07,4.022307469938219327e-07,3.883217135928134708e-07
5.202533076632398690e-07,8.349731646001339681e-07,5.845734821153370132e-07,1.954041763659423973e-07,7.636376014038846922e-07,5.369081507932801511e-07,2.051395383538359661e-05,8.139179049369386045e-07,7.989616404041247880e-07,6.976711084104286720e-07,6.816350389780401526e-07,6.707578405977594677e-07,7.171881270143235525e-07,7.987226823131899915e-07,6.588338500789993951e-07,6.137078274297638311e-07,-1.992836637612788235e-07,7.262825987268363418e-07,6.698383050491060605e-07,6.628511222639000795e-07,5.594221116741903129e-07,4.874231697025641335e-07,5.107240978568237968e-07,4.478509498996934404e-07,1.498912510169004638e-07,4.991633553044545299e-07,4.560351165230761084e-07,5.104228849090252439e-08,5.120223336318364391e-07,7.176965583894824076e-07,2.867316236475036280e-07,5.238770827101364943e-07,-1.442400597536652223e-07,5.623351030438249179e-07,6.061186624651696836e-07,0.000000000000000000e+00,-1.967880890261155215e-08,7.694696988612446617e-07,3.808466017859829193e-07,5.652669699625156676e-07,2.851915383161001975e-07,1.002450795087021047e-06,5.433660205248848666e-07,8.284968947009580357e-07,5.550915312641612779e-07,2.125271275679365625e-08,7.945932121477382441e-07,9.756896452726578475e-07,1.359502117511597174e-07,7.709481120355949037e-07,8.511970328534853586e-07,6.578751949365236676e-07,3.682776296680393625e-07,7.286472066900907976e-07,3.004678118384625523e-07,6.501207635658270771e-07,5.382143817745049671e-07
4.654191170647455782e-07,4.891086491796965969e-07,3.673012016112488086e-07,4.338638662168671062e-07,5.595352690895623360e-07,4.314210825696296458e-07,8.139179049369386045e-07,1.173006643152341726e-06,5.792528931650452312e-07,3.517342154034865041e-07,4.744198544432864167e-07,3.742337822162889014e-07,4.397595678046813853e-07,4.284845716213566826e-07,4.572951867017948078e-07,3.489980857567687258e-07,3.882739989659361692e-07,4.115276266978305792e-07,4.885591949546737517e-07,4.761804943575201778e-07,2.926226259825084842e-07,2.819980723292063477e-07,2.403934489046061584e-07,3.705769944279408195e-07,9.728726663247751813e-08,4.010422483789769915e-07,1.845371512631942316e-07,2.086231180372277922e-07,4.096606432132564595e-07,2.756957840414620178e-07,1.977161972466717917e-07,2.063517474763567472e-07,3.472870807740331900e-07,4.462878797227665867e-07,4.750799473661230657e-07,0.000000000000000000e+00,1.775887193776804199e-08,4.138318418629461040e-07,2.742973129973588006e-07,5.717001139883375812e-07,2.113834119553396518e-07,5.739186386511811183e-07,5.198135847901986494e-07,4.380521203152759291e-07,2.537139947956663772e-07,-3.138181653764591490e-08,4.480046654219968663e-07,6.556345270826132531e-07,3.418580957135639443e-08,4.526502714591435235e-07,4.699593815718525747e-07,5.246663134938252028e-07,2.324571473484438431e-07,3.955282870737213822e-07,2.121007788928430466e-07,3.728390824933632346e-07,3.779565578589619061e-07
7.021365595739832717e-07,8.420471959128478725e-07,5.829575726333527998e-07,6.970332227461991575e-07,9.247130061721889589e-07,7.040483757900155492e-07,7.989616404041247880e-07,5.792528931650452312e-07,1.570058750537435083e-06,5.120135725708819198e-07,7.620221809179533851e-07,5.376354304699775356e-07,6.611971923764791422e-07,7.218697385514452830e-07,7.308783563301818166e-07,5.471015287914784446e-07,5.980423517811793437e-07,6.239511408894373007e-07,7.521409613711325704e-07,7.899740109077183185e-07,4.050741746626174243e-07,3.904840545993722414e-07,3.252543391412559202e-07,5.339831091822428670e-07,1.681720540746698613e-07,6.380302200895469537e-07,2.268448505950637826e-07,2.581134777216694106e-07,6.301123098670371991e-07,3.879586324405827600e-07,3.068332506983761626e-07,2.757204344147127004e-07,5.124664853742485278e-07,7.096818967230158177e-07,7.367571590492331601e-07,0.000000000000000000e+00,-1.506231868397284970e-08,6.535086603321538486e-07,3.972157807086442254e-07,9.688971990139229496e-07,3.947258607829010176e-07,9.856869264612796907e-07,7.787769185744463956e-07,7.204807634359200190e-07,3.620440231586883007e-07,7.170236657648705707e-08,6.914165336196463206e-07,1.066547740122516155e-06,6.965166641943163078e-08,6.541524975875815374e-07,7.461636347621718459e-07,8.114090772361606982e-07,3.381083632088857288e-07,6.408648005079844825e-07,3.178999837002674946e-07,5.695128397066734442e-07,5.687961520513625712e-07
3.770685880326972593e-07,4.542343449596268598e-07,3.221561597781744203e-07,3.642248125177939938e-07,4.625863965382050699e-07,3.685215394418748983e-07,6.976711084104286720e-07,3.517342154034865041e-07,5.120135725708819198e-07,8.064629053273999784e-07,4.017098849245149333e-07,3.211535512393004172e-07,3.620581076633282990e-07,3.942818122430986306e-07,3.815479567446941839e-07,3.048657836677123718e-07,3.791289106917659292e-07,3.555371420836873067e-07,4.201456627486277304e-07,3.963292250838018900e-07,2.446472434243921088e-07,2.391006521837254693e-07,2.079591581902252633e-07,3.214125556793734374e-07,9.972385786949971290e-08,3.586753632853911754e-07,1.674926955218012883e-07,1.653954079222229771e-07,3.570280967221288766e-07,2.595366956518502803e-07,1.584181708711730330e-07,2.038917006639807701e-07,3.087238396556112077e-07,4.097376023628169262e-07,3.866656305060045497e-07,0.000000000000000000e+00,9.079296500965594387e-09,3.561553675073064118e-07,2.560666863846511991e-07,4.790040521961920698e-07,1.919700815285410090e-07,4.729907593397622290e-07,4.117892238653075216e-07,4.143033380324455270e-07,2.101091686868210522e-07,3.298273789146837886e-08,3.855195948254773717e-07,5.385466592891105217e-07,4.506338208343194518e-08,3.790272231032767269e-07,4.302331644188754721e-07,4.489437171856447725e-07,1.864257362946378164e-07,3.555659033326550521e-07,1.942230140627253070e-07,3.422270236722558135e-07,3.356391565842893245e-07
5.681814564978336461e-07,6.273826847609184880e-07,4.658318644183954927e-07,5.655979790385115275e-07,6.930162984863274728e-07,5.666779218689715953e-07,6.816350389780401526e-07,4.744198544432864167e-07,7.620221809179533851e-07,4.017098849245149333e-07,1.789598434433366217e-06,4.399771565861940280e-07,5.600776140985363456e-07,5.675039116295868499e-07,5.649276961817462419e-07,4.438091183447677461e-07,5.292177976282757030e-07,4.968437861687136800e-07,6.006355459036987067e-07,6.738209735848434974e-07,3.343933607736828364e-07,3.205796681062964833e-07,2.736109934065542966e-07,4.439494921355821403e-07,1.571836463262685146e-07,5.300628804675608514e-07,1.664759326445767529e-07,2.055562285809598321e-07,5.437545856754570975e-07,3.353407762567510848e-07,2.400117562226161474e-07,2.402556762416112183e-07,4.167634824245039676e-07,5.568264990866021271e-07,5.709966962070452363e-07,0.000000000000000000e+00,6.305659666404245150e-10,4.913237620328683423e-07,3.025548008544980215e-07,7.472057525235624213e-07,3.473913363474627269e-07,7.243901358406748038e-07,5.835693150182685754e-07,5.948411204960902411e-07,2.890409738694443623e-07,2.396132450311367442e-08,5.781460723993181890e-07,8.717718720010724411e-07,7.728911752446767247e-08,5.609502368034171160e-07,6.246994462486761985e-07,6.815675291553817530e-07,2.806324966430844540e-07,5.108638479455010455e-07,2.817251460547013778e-07,4.661624173317809189e-07,4.459510114412996203e-07
3.926662715566466610e-07,4.390926065232643175e-07,3.842085533401719944e-07,3.771933255091815701e-07,5.054176843174502122e-07,4.230797652878967531e-07,6.707578405977594677e-07,3.742337822162889014e-07,5.376354304699775356e-07,3.211535512393004172e-07,4.399771565861940280e-07,8.432506533355047444e-07,4.085191517116095301e-07,4.414656947910920780e-07,4.836682254182367676e-07,3.552878470810147564e-07,4.000820915781705893e-07,4.743918778234199791e-07,4.874837470288831964e-07,4.259448938009061030e-07,3.225735586675081243e-07,3.117408735335894122e-07,2.726921407475544027e-07,3.776240042424038178e-07,1.516472097005364799e-07,3.931858368569613100e-07,1.932554851881861087e-07,1.984302056558868733e-07,3.960211116237125274e-07,3.573237958445936262e-07,1.828761346979030682e-07,2.655761326012815554e-07,3.352639780240392482e-07,4.515563742575265277e-07,4.094240516464996973e-07,0.000000000000000000e+00,-1.219248292534802376e-07,4.188381243952214782e-07,3.118684302199340323e-07,4.728597485695068896e-07,1.529781257178894190e-07,4.992005975555522524e-07,4.120871952014214392e-07,4.242628027313220677e-07,2.776216939033670116e-07,1.943910586712763590e-08,4.328099467078266674e-07,5.663164693030318677e-07,6.320293037480811969e-08,4.087024504489521256e-07,4.649034050131301794e-07,5.089542091889682161e-07,2.050244718389365147e-07,3.787149275431777842e-07,2.432935129648485975e-07,3.887703629177993168e-07,3.937751439277542142e-07
4.615357498385217753e-07,5.453341903346422091e-07,4.190368382279337505e-07,4.764257255674106316e-07,6.257552485530566967e-07,4.850721578446628742e-07,7.171881270143235525e-07,4.397595678046813853e-07,6.611971923764791422e-07,3.620581076633282990e-07,5.600776140985363456e-07,4.085191517116095301e-07,1.025350787089211048e-06,5.149343589852203892e-07,5.337520889677439589e-07,3.922145725664991865e-07,4.605323090011246678e-07,4.585162303651323868e-07,5.488197688408219383e-07,5.862419640473412715e-07,3.288866472267427150e-07,3.070826138392243854e-07,2.324558930629561302e-07,4.116197791214429468e-07,1.265411861321886576e-07,4.573462886480805089e-07,1.664475899292571360e-07,1.677510726981095476e-07,4.646068245281884602e-07,3.206081717184544505e-07,2.018928757506540874e-07,2.281782000883959392e-07,3.638635184547765225e-07,4.709121123642143845e-07,5.216190675633233233e-07,0.000000000000000000e+00,-4.378423542555375560e-08,4.646248007075308383e-07,3.063453759514365260e-07,6.223109166753680152e-07,3.063535582708808482e-07,6.386433821738684870e-07,5.089069820730411661e-07,5.262764810385197413e-07,2.618320470754245484e-07,3.057155618378274511e-08,5.078528636468474511e-07,7.481809135727111595e-07,6.170034155525011745e-08,4.957798694197532231e-07,5.633297012941782780e-07,6.215772336461649132e-07,2.584496407210764010e-07,4.511943890565109595e-07,2.357672303408662908e-07,4.124207056562268111e-07,4.270310120242581216e-07
4.934038970722551521e-07,6.239922972127572977e-07,4.645547652831678666e-07,5.038677375371305064e-07,6.548415436670265791e-07,5.485492644486123679e-07,7.987226823131899915e-07,4.284845716213566826e-07,7.218697385514452830e-07,3.942818122430986306e-07,5.675039116295868499e-07,4.414656947910920780e-07,5.149343589852203892e-07,8.438881705412278487e-07,5.832722577463917111e-07,4.147649493839815241e-07,5.088223042529911846e-07,5.044310596088829650e-07,5.691513966495839219e-07,5.719859409078132967e-07,3.234720344988084289e-07,3.056067953105552224e-07,2.730981248901395139e-07,4.229321492627193945e-07,1.333790308853052268e-07,4.771932560090130186e-07,2.005284833821570848e-07,1.938040821438529149e-07,4.962062751982485987e-07,3.355861398192177876e-07,2.219561452291953652e-07,2.618782583158696971e-07,4.131243304335905210e-07,5.239081873720577649e-07,5.433033856747289210e-07,0.000000000000000000e+00,1.739144871645896541e-11,4.869269188141548044e-07,3.151194361279972639e-07,6.566057151637076147e-07,2.822980816199610500e-07,6.578214338358316847e-07,5.119724098487379202e-07,5.474909805282484404e-07,2.841111774209148671e-07,8.557294438375689602e-08,5.345404852524188159e-07,7.729032404665033357e-07,5.168500256658068573e-08,5.125700611236372696e-07,5.767539324851080465e-07,6.064382114869884027e-07,2.555884742815590433e-07,4.775718647688187648e-07,2.473359001475126869e-07,4.326841327304787661e-07,4.718330660973175890e-07
5.213110021737393574e-07,5.944714208139303353e-07,4.798697285489828460e-07,5.329850452413329039e-07,6.995542644363482254e-07,5.735085064944819910e-07,6.588338500789993951e-07,4.572951867017948078e-07,7.308783563301818166e-07,3.815479567446941839e-07,5.649276961817462419e-07,4.836682254182367676e-07,5.337520889677439589e-07,5.832722577463917111e-07,9.561281038750492238e-07,4.528886226222864710e-07,4.875615766536598310e-07,5.399538318007356496e-07,5.885067407816925611e-07,5.680557752832824324e-07,3.412301895655511831e-07,3.419340476800758264e-07,2.748688581121636385e-07,4.492944708034434512e-07,1.266015643963762320e-07,4.881321561762380192e-07,2.124204312494382798e-07,2.141958508254326869e-07,4.937767811973884168e-07,3.393149200792441068e-07,2.367283549526803634e-07,2.561773555559235478e-07,4.147763441284949891e-07,5.645534339838634125e-07,5.508957931954201114e-07,0.000000000000000000e+00,-3.725654222022913567e-08,5.033418877796900381e-07,3.283163709154307837e-07,6.724571090381845324e-07,2.462011622398575498e-07,6.723602603492827810e-07,5.527812895558392406e-07,5.318896093180614454e-07,3.045336984959637926e-07,5.466513834693290071e-08,5.143461260847099908e-07,7.696187289531839338e-07,7.803257592451715374e-08,5.084866335517100244e-07,5.665949016110010065e-07,6.205070885448790504e-07,2.602149195258506285e-07,4.804549871103780039e-07,2.532955639697288164e-07,4.385463275965183308e-07,4.509624913557647892e-07
3.360901642574922454e-07,4.259820299545555826e-07,3.545789604324851517e-07,3.481958707711229214e-07,5.258765266852150243e-07,3.773250118167008686e-07,6.137078274297638311e-07,3.489980857567687258e-07,5.471015287914784446e-07,3.048657836677123718e-07,4.438091183447677461e-07,3.552878470810147564e-07,3.922145725664991865e-07,4.147649493839815241e-07,4.528886226222864710e-07,1.332762905850797989e-06,3.636627915639733049e-07,3.735198704391954543e-07,5.177184798603367061e-07,4.283680285489996505e-07,2.773929002394213360e-07,2.687341835385176388e-07,2.019677600189043480e-07,3.689388751935718197e-07,8.358366955610567050e-08,3.777085958894555311e-07,1.597063645842455127e-07,1.689009955467228618e-07,4.018860569103746477e-07,2.617469248128911503e-07,1.704954887061483286e-07,1.880644185244291103e-07,3.006897070576015463e-07,4.346934955070314431e-07,4.161522327412399359e-07,0.000000000000000000e+00,2.725778490913456962e-08,4.286908441218183200e-07,2.907722471587904615e-07,5.357347256852429650e-07,2.307334587529311860e-07,5.122373580263404329e-07,4.012078328352078390e-07,4.298554887878822048e-07,2.232524208601285873e-07,8.981989882321028476e-08,4.127944102131627121e-07,5.788879016053815679e-07,1.463248759211221729e-08,3.949277435002082878e-07,4.586844779723348119e-07,5.012652119724141324e-07,1.954955375270815050e-07,3.688316331311347779e-07,2.039772394408923164e-07,3.748043897802817554e-07,3.852253029121189263e-07
4.592277361576986450e-07,6.257594442876320149e-07,4.169461979479061076e-07,5.592448297864375513e-07,4.757066380864991598e-07,4.737449448567662492e-07,-1.992836637612788235e-07,3.882739989659361692e-07,5.980423517811793437e-07,3.791289106917659292e-07,5.292177976282757030e-07,4.000820915781705893e-07,4.605323090011246678e-07,5.088223042529911846e-07,4.875615766536598310e-07,3.636627915639733049e-07,2.159701116492426490e-06,4.606056017814126403e-07,5.523250051032179088e-07,4.979541617645367970e-07,3.630334865062160409e-07,3.042832681172113787e-07,2.702372635766857997e-07,4.130032700459540347e-07,1.359568928903187493e-07,4.363267120493968713e-07,1.757677536766863564e-07,1.858732001129942452e-07,4.519399466878314355e-07,3.527982667224772743e-07,1.889506809806535986e-07,3.250381952935466475e-07,5.387766617684438230e-07,5.182189877891844307e-07,4.686709725221239790e-07,0.000000000000000000e+00,1.187797822074427616e-07,4.519355184775760780e-07,3.522141101949309035e-07,5.994664558324746863e-07,3.348862085415429563e-07,5.219410512316685681e-07,4.120387226616931902e-07,5.243231881015220303e-07,2.591041216808079765e-07,2.144104333544471452e-08,5.191220189500160273e-07,7.211086897094913523e-07,5.359508166151098076e-08,4.774445834017537827e-07,5.947143775645997159e-07,5.658911426245018347e-07,2.429293858512329184e-07,4.452483022403693435e-07,2.321949312290164373e-07,4.240620363684543829e-07,4.523404177056061488e-07
4.357038509425549771e-07,4.973627038250070328e-07,4.249560644289202039e-07,4.475869649494650102e-07,5.821084911364111568e-07,4.700825994133479383e-07,7.262825987268363418e-07,4.115276266978305792e-07,6.239511408894373007e-07,3.555371420836873067e-07,4.968437861687136800e-07,4.743918778234199791e-07,4.585162303651323868e-07,5.044310596088829650e-07,5.399538318007356496e-07,3.735198704391954543e-07,4.606056017814126403e-07,1.740907163071820739e-06,5.471749188617427280e-07,4.908235560086599911e-07,3.204006193355139913e-07,3.157358045950627935e-07,2.649365362726043420e-07,4.160623748476484924e-07,1.767806411649553730e-07,4.501799435266363062e-07,2.182067530648346749e-07,1.951132159036523292e-07,4.334469730920746897e-07,3.763190372193110425e-07,1.760868628505098416e-07,2.664736410555792869e-07,3.690471675832959309e-07,5.149612809250203142e-07,4.570965278753977892e-07,0.000000000000000000e+00,-2.260516940417478120e-08,4.764003655807474457e-07,3.244570138875596083e-07,5.786517058631551615e-07,2.416463319538205366e-07,5.849676241811246418e-07,4.817048221167323640e-07,4.799846169759788404e-07,3.076300984058416429e-07,7.159169358266936679e-08,4.725881141990504261e-07,6.310737299864510497e-07,1.237936025666079618e-07,4.554293613904172920e-07,5.275093747354792861e-07,5.505584876556534153e-07,2.347791687936155703e-07,4.328785577054898265e-07,2.214018050978019647e-07,4.036910499563828665e-07,4.284511960125065995e-07
5.270179704761338014e-07,6.346827160662770674e-07,4.805015894836225022e-07,5.250549794823662206e-07,7.063192982026812554e-07,5.477813305131702584e-07,6.698383050491060605e-07,4.885591949546737517e-07,7.521409613711325704e-07,4.201456627486277304e-07,6.006355459036987067e-07,4.874837470288831964e-07,5.488197688408219383e-07,5.691513966495839219e-07,5.885067407816925611e-07,5.177184798603367061e-07,5.523250051032179088e-07,5.471749188617427280e-07,2.243101359320498760e-06,6.235657941118780776e-07,3.797347478061871531e-07,3.614271616055904932e-07,3.056194935296171641e-07,4.859179765820443703e-07,9.769099378608136842e-08,5.214931451528428797e-07,3.328496820950424739e-07,2.136720283179733409e-07,5.395756669057647491e-07,4.080025589875753161e-07,2.558871295888908803e-07,2.805469945907129511e-07,4.593214638126613290e-07,6.205908012786982126e-07,5.827949696684892200e-07,0.000000000000000000e+00,9.000263842234832369e-10,5.812039684983493305e-07,3.733130891848649748e-07,7.320498191583471176e-07,3.053669249985999636e-07,7.150876470240548032e-07,5.746593154149363363e-07,5.904084797985196041e-07,3.062632942859525810e-07,9.986918843772463026e-08,6.167470329254085822e-07,8.149587715809235461e-07,1.477209466797961310e-07,5.526419336672912603e-07,6.420067558114362793e-07,7.064843498754585364e-07,2.649163950810614416e-07,5.030959273223636341e-07,2.995569238869191717e-07,4.890976237098581441e-07,5.335081655740248364e-07
5.447748315429145838e-07,6.502263221848446304e-07,4.639777318053976028e-07,5.490017115322574173e-07,7.333030123721658977e-07,5.553646214253100645e-07,6.628511222639000795e-07,4.761804943575201778e-07,7.899740109077183185e-07,3.963292250838018900e-07,6.738209735848434974e-07,4.259448938009061030e-07,5.862419640473412715e-07,5.719859409078132967e-07,5.680557752832824324e-07,4.283680285489996505e-07,4.979541617645367970e-07,4.908235560086599911e-07,6.235657941118780776e-07,1.929103140829682580e-06,3.033213726637152110e-07,2.922035133810264629e-07,2.585666930910236295e-07,4.252533288304798340e-07,1.479312731777996146e-07,5.257625501809872271e-07,1.750107219701968565e-07,1.540936481434912163e-07,5.557854438226792304e-07,3.482788164876484472e-07,2.417723802010650064e-07,2.250950196163972124e-07,3.985321161977401149e-07,5.436761542935613769e-07,6.133595744689998377e-07,0.000000000000000000e+00,3.755870127258285186e-08,5.156082435726354876e-07,2.984763509938781303e-07,7.551830510734966448e-07,3.500836898790704962e-07,7.658248335849383150e-07,5.829891448544863868e-07,6.102207221131870997e-07,2.679388094476055314e-07,1.177668997671597016e-07,5.810063944474568355e-07,9.117862772113753598e-07,2.255255559864193236e-08,5.386680523255491391e-07,6.521239835698635850e-07,6.868434978994211486e-07,2.614444205606106453e-07,4.983923435390242726e-07,2.597189407235178801e-07,4.463960194791523887e-07,4.616514128878327721e-07
2.738029778118629508e-07,3.258624790465659278e-07,2.985141397761030138e-07,2.904977844571824026e-07,3.318643281785983643e-07,2.915157006965182348e-07,5.594221116741903129e-07,2.926226259825084842e-07,4.050741746626174243e-07,2.446472434243921088e-07,3.343933607736828364e-07,3.225735586675081243e-07,3.288866472267427150e-07,3.234720344988084289e-07,3.412301895655511831e-07,2.773929002394213360e-07,3.630334865062160409e-07,3.204006193355139913e-07,3.797347478061871531e-07,3.033213726637152110e-07,1.158281110822013787e-06,2.634524154785407584e-07,2.130893939706257540e-07,2.946663157404801242e-07,9.957111797428489029e-08,3.032010422482265884e-07,1.305628018322738435e-07,1.525121253448771800e-07,2.960826634582160387e-07,2.852084422336008977e-07,1.623408920678488905e-07,2.145918801246816698e-07,2.745923388981722801e-07,3.529368137244789421e-07,3.191008847849866415e-07,0.000000000000000000e+00,-4.321803460703866319e-08,3.554196308207080336e-07,2.736325224979632440e-07,3.484011053525172268e-07,1.263644941031838044e-07,3.803139752154156874e-07,2.913289533547017857e-07,3.228161302834738351e-07,1.986886277513574095e-07,8.874891430019757072e-08,3.393837575609614747e-07,4.179123900084005573e-07,2.244034163714987986e-08,3.141284796307436228e-07,3.618385506985072524e-07,3.903092143217200143e-07,1.666008892404765631e-07,3.025880867292108797e-07,1.795621876233809320e-07,2.955083713967234954e-07,3.371783215074213371e-07
2.993795291887526203e-07,3.277093712267384998e-07,2.841037433266074159e-07,2.718727417477174893e-07,3.525218889175991057e-07,2.817471826434822347e-07,4.874231697025641335e-07,2.819980723292063477e-07,3.904840545993722414e-07,2.391006521837254693e-07,3.205796681062964833e-07,3.117408735335894122e-07,3.070826138392243854e-07,3.056067953105552224e-07,3.419340476800758264e-07,2.687341835385176388e-07,3.042832681172113787e-07,3.157358045950627935e-07,3.614271616055904932e-07,2.922035133810264629e-07,2.634524154785407584e-07,9.738001252881267553e-07,2.089566991570061624e-07,2.783269368225693462e-07,1.136569518259649788e-07,2.933735314140125884e-07,1.498317766742951056e-07,1.497084814186570496e-07,2.931538565217152924e-07,2.581574872764743795e-07,1.214505363248725562e-07,2.187455192212900518e-07,2.732331949678064630e-07,3.509626875741192165e-07,3.152655264523826285e-07,0.000000000000000000e+00,-2.596894173083439686e-08,3.432098375712737001e-07,2.376135430771941451e-07,3.433009426438044773e-07,1.750932678704523038e-07,3.659223390463454059e-07,3.236493443154527702e-07,3.340000743606553563e-07,2.111386089056201016e-07,4.385738937726200466e-08,3.247127200619318404e-07,4.251009572693908802e-07,6.987284629144082673e-08,3.202592251945331120e-07,3.854526182538937531e-07,4.015273247289839277e-07,1.657453296275364112e-07,2.940319767047459848e-07,1.871507855816111701e-07,2.885186305981783719e-07,2.995472270556477933e-07
2.954412331737315163e-07,2.785090244393180622e-07,2.502448245812525094e-07,2.260884495246634772e-07,2.846160195741489766e-07,2.414521865729395145e-07,5.107240978568237968e-07,2.403934489046061584e-07,3.252543391412559202e-07,2.079591581902252633e-07,2.736109934065542966e-07,2.726921407475544027e-07,2.324558930629561302e-07,2.730981248901395139e-07,2.748688581121636385e-07,2.019677600189043480e-07,2.702372635766857997e-07,2.649365362726043420e-07,3.056194935296171641e-07,2.585666930910236295e-07,2.130893939706257540e-07,2.089566991570061624e-07,6.846199640886571126e-07,2.406704618112931085e-07,1.048266393569550004e-07,2.494376779633270566e-07,1.461871717468687823e-07,1.469635157832332933e-07,2.487889767279738217e-07,2.201159515533570339e-07,1.219955411970567676e-07,2.285250856585582239e-07,2.541035846597636604e-07,2.987832350902960563e-07,2.492128687827964771e-07,0.000000000000000000e+00,1.079335226550242518e-08,2.590401256596516294e-07,2.220264129464168761e-07,2.872319066199230230e-07,1.065199686991497628e-07,2.952064103258883113e-07,2.590907501995648205e-07,2.536403626269161129e-07,1.876646271923396129e-07,3.651250865027556413e-08,2.541408979014329991e-07,3.547736486932342017e-07,7.215024247065879235e-08,2.490358698461797819e-07,3.177022308092795593e-07,3.327648985725765404e-07,1.436011883036801418e-07,2.442471421684305847e-07,1.690736502651822426e-07,2.416589703407248567e-07,2.513109350004820101e-07
3.990226775493593168e-07,4.304887683232752758e-07,3.660692355373039939e-07,4.054564355569991426e-07,5.084511070125577620e-07,3.937468872532913582e-07,4.478509498996934404e-07,3.705769944279408195e-07,5.339831091822428670e-07,3.214125556793734374e-07,4.439494921355821403e-07,3.776240042424038178e-07,4.116197791214429468e-07,4.229321492627193945e-07,4.492944708034434512e-07,3.689388751935718197e-07,4.130032700459540347e-07,4.160623748476484924e-07,4.859179765820443703e-07,4.252533288304798340e-07,2.946663157404801242e-07,2.783269368225693462e-07,2.406704618112931085e-07,9.876291287922556145e-07,1.112221534937351881e-07,4.058499574334872697e-07,1.726951768078617254e-07,1.984844204844432961e-07,3.946821814934579510e-07,3.085648552096839465e-07,1.425169581048437114e-07,2.403939766469524037e-07,3.487516160404956212e-07,4.668676698753176661e-07,4.198467817922048888e-07,0.000000000000000000e+00,-3.373715329169183483e-08,4.394141331953108150e-07,3.125454558165354796e-07,5.011523239577558437e-07,1.793164130197367197e-07,5.098034153475916950e-07,4.343019928441689610e-07,4.418011278232691839e-07,2.499834722727604519e-07,5.281509020629530015e-08,4.392797966758805712e-07,5.772305942696116181e-07,6.789500397300543197e-08,4.417134629720799592e-07,4.623104017298842017e-07,5.389195799024542261e-07,1.980204699942404208e-07,3.923247147775344852e-07,2.278939194382644684e-07,3.746305854918215461e-07,3.824776432545453591e-07
1.640622650841442385e-07,1.619631692749242730e-07,1.338287869094324531e-07,1.461137554162035273e-07,1.509797121767678420e-07,1.214784708456077699e-07,1.498912510169004638e-07,9.728726663247751813e-08,1.681720540746698613e-07,9.972385786949971290e-08,1.571836463262685146e-07,1.516472097005364799e-07,1.265411861321886576e-07,1.333790308853052268e-07,1.266015643963762320e-07,8.358366955610567050e-08,1.359568928903187493e-07,1.767806411649553730e-07,9.769099378608136842e-08,1.479312731777996146e-07,9.957111797428489029e-08,1.136569518259649788e-07,1.048266393569550004e-07,1.112221534937351881e-07,3.957721952789577259e-06,1.105727108562928839e-07,9.422504185630851539e-08,1.263528066545126329e-07,1.271047281574790073e-07,7.183862876588032147e-08,8.238976114168103569e-08,1.015225324173662319e-07,1.056076736045332180e-07,1.609792619649492994e-07,1.161655639704818574e-07,0.000000000000000000e+00,1.339819806534656446e-10,1.391230406509720911e-07,1.014030781778822690e-07,1.293579703552472424e-07,7.677294457190631350e-08,1.441900056292534586e-07,1.700361714448425262e-07,1.528769813448785009e-07,6.984163010990035984e-08,1.634898903235578920e-07,1.771711491112888828e-07,1.569364212449740929e-07,1.125223338653255538e-08,1.300605237008919500e-07,1.013714918341176628e-07,1.493332907071326423e-07,6.776461586270929505e-08,1.317666397004868294e-07,7.914117886210262050e-08,1.587743998585892900e-07,1.298937650552530770e-07
4.556286554650196081e-07,5.113857319978299062e-07,4.021459377829196633e-07,4.433423731409539886e-07,5.629280728041591237e-07,4.602860394807118760e-07,4.991633553044545299e-07,4.010422483789769915e-07,6.380302200895469537e-07,3.586753632853911754e-07,5.300628804675608514e-07,3.931858368569613100e-07,4.573462886480805089e-07,4.771932560090130186e-07,4.881321561762380192e-07,3.777085958894555311e-07,4.363267120493968713e-07,4.501799435266363062e-07,5.214931451528428797e-07,5.257625501809872271e-07,3.032010422482265884e-07,2.933735314140125884e-07,2.494376779633270566e-07,4.058499574334872697e-07,1.105727108562928839e-07,1.107251621412914714e-06,1.533497446998995436e-07,1.777337344366087275e-07,4.466712895095223258e-07,2.919146734338811745e-07,1.872913713500006860e-07,2.278674578046911483e-07,3.732028511512403257e-07,5.048521918984516898e-07,5.017284742691078235e-07,0.000000000000000000e+00,-2.976172095519623774e-08,4.428402081976199603e-07,2.934298845746511898e-07,5.766856141260690313e-07,2.516425270100944128e-07,5.881548740015263874e-07,4.939361694446188843e-07,4.888621441068587053e-07,2.603137623302791841e-07,1.049905713215564402e-07,4.814348170469017435e-07,6.804269061327346804e-07,5.704851582415866147e-08,4.622693603676600281e-07,5.103510571907736672e-07,5.909540735679710464e-07,2.141230400551496838e-07,4.519302943646954935e-07,2.454136110060013821e-07,4.111391134249415266e-07,4.106503888902826273e-07
2.293970874918168138e-07,2.074748636377041094e-07,1.710391532796733382e-07,1.807240829016294126e-07,1.961118258877798145e-07,1.850153130965887187e-07,4.560351165230761084e-07,1.845371512631942316e-07,2.268448505950637826e-07,1.674926955218012883e-07,1.664759326445767529e-07,1.932554851881861087e-07,1.664475899292571360e-07,2.005284833821570848e-07,2.124204312494382798e-07,1.597063645842455127e-07,1.757677536766863564e-07,2.182067530648346749e-07,3.328496820950424739e-07,1.750107219701968565e-07,1.305628018322738435e-07,1.498317766742951056e-07,1.461871717468687823e-07,1.726951768078617254e-07,9.422504185630851539e-08,1.533497446998995436e-07,1.651583502193826411e-06,9.132846345692823844e-08,1.809394262484041775e-07,1.482587275058313935e-07,1.155024916051844260e-07,1.757102444079569430e-07,1.991432832643663607e-07,2.136874905533388348e-07,1.897313322233461041e-07,0.000000000000000000e+00,2.132060552350404374e-08,2.146471080505057930e-07,1.509689839962827711e-07,2.264415945396880415e-07,9.722006483403473723e-08,2.291368154183013575e-07,2.227939881330634092e-07,1.693211841116051310e-07,1.733160099548607654e-07,-8.541813401778016190e-09,2.047909208597459042e-07,2.384730656222650171e-07,4.287482793051478032e-08,1.833001012349657775e-07,2.132258655251741317e-07,2.165070419897498305e-07,8.755413250386324638e-08,1.876298838206911150e-07,8.532408488244459284e-08,1.598628085303730931e-07,1.570085921480414561e-07
2.513303238990980194e-07,2.133756313789811514e-07,1.641605088073314529e-07,1.942546961533837937e-07,1.931174265447870855e-07,1.620713321678899860e-07,5.104228849090252439e-08,2.086231180372277922e-07,2.581134777216694106e-07,1.653954079222229771e-07,2.055562285809598321e-07,1.984302056558868733e-07,1.677510726981095476e-07,1.938040821438529149e-07,2.141958508254326869e-07,1.689009955467228618e-07,1.858732001129942452e-07,1.951132159036523292e-07,2.136720283179733409e-07,1.540936481434912163e-07,1.525121253448771800e-07,1.497084814186570496e-07,1.469635157832332933e-07,1.984844204844432961e-07,1.263528066545126329e-07,1.777337344366087275e-07,9.132846345692823844e-08,3.165445388611874272e-06,1.689738499648867521e-07,1.754972143751174959e-07,1.078700520254529587e-07,1.572950708834141993e-07,1.900363480213062008e-07,2.439048285431177349e-07,2.010855734775482200e-07,0.000000000000000000e+00,5.576839399111464425e-08,1.937663585004057747e-07,1.617870212968023182e-07,2.375638398159267944e-07,9.834224161813376342e-08,2.511076679807461348e-07,2.413192794591846850e-07,1.953089359924425320e-07,1.502312754163945234e-07,5.492920200035635595e-08,1.919743293959566136e-07,2.739661716660775842e-07,-3.516651973563084519e-08,1.721559290093596383e-07,1.795217423497959420e-07,2.071985533772842982e-07,1.269641342547399519e-07,1.931672631347799351e-07,1.196180548903500436e-07,1.770077787674080729e-07,2.017825954774633545e-07
