6.352570906357405430e-07,6.593324883267025012e-07,1.077301182525802576e-06,9.286915565409976863e-07,1.010899848292873087e-06,7.624432539079878582e-07,8.909939364965927030e-07,7.315610903070308128e-07,8.787874070629898304e-07,6.108862913085712225e-07,7.393582940496417191e-07,5.229365975572185994e-07,6.692348104956619185e-07,9.209588751599961111e-07,8.885861851260108908e-07,7.689520227083591379e-07,6.984817929209364467e-07,5.136373574426589221e-07,7.572205543592068188e-07,8.789702955664532835e-07,5.528338124735921800e-07,4.872967490950893367e-07,2.379517522503465557e-07,7.131259783522724288e-07,8.333575652062222417e-08,6.839168074961562295e-07,3.962577198587018454e-07,1.857608787901004473e-07,8.932856156784993333e-07,5.710695338513961639e-07,0.000000000000000000e+00,1.918740959527307099e-07,3.705713566639603392e-07,0.000000000000000000e+00,8.459633048052485015e-07,0.000000000000000000e+00,0.000000000000000000e+00,7.729025211561996306e-07,4.721871264660268325e-07,1.081141150210693828e-06,1.337360021177094236e-07,8.589592942584721998e-07,7.663419396990670493e-07,8.164192757675500934e-07,3.417307191563406209e-07,nan,2.076625213832356970e-07,9.100256908415876762e-07,nan,nan,nan,nan,nan,nan,nan,nan,nan
6.593324883267025012e-07,9.849659351780694959e-07,1.276741036692311350e-06,1.139056160035691669e-06,1.211927252223889401e-06,9.287945294867525241e-07,1.092614939857484286e-06,9.044041967782564655e-07,1.145956501598225475e-06,8.062682684298239010e-07,8.538954746743236535e-07,6.199851032865352110e-07,8.027285134154647319e-07,1.127674186207524531e-06,1.068082379212066894e-06,9.611536035927394101e-07,8.383568434787584077e-07,6.089349138346969927e-07,9.379331606751027918e-07,1.057426442863663404e-06,7.050697872067451995e-07,5.895593223936337555e-07,2.144022674631940699e-07,8.792362693014085701e-07,8.595677028531345910e-08,8.611616618839319855e-07,4.456542990183667456e-07,2.486919458640753032e-07,1.090323443848610315e-06,6.428345348540319035e-07,0.000000000000000000e+00,1.820809903783265160e-07,4.854790908246301017e-07,0.000000000000000000e+00,1.074719362517802245e-06,0.000000000000000000e+00,0.000000000000000000e+00,9.521968935616252176e-07,5.728299456060152681e-07,1.348110418509837549e-06,1.862968967373934100e-07,1.040056214532020112e-06,1.009547651959792077e-06,1.036405887261834411e-06,3.643429341508569858e-07,nan,2.288668580794490914e-07,1.112855349605177185e-06,nan,nan,nan,nan,nan,nan,nan,nan,nan
1.077301182525802576e-06,1.276741036692311350e-06,4.551772143602870240e-06,2.552287770643209719e-06,2.348267031032798783e-06,1.724347286255552336e-06,2.152769632436665298e-06,1.691424846538647035e-06,1.919607430056153060e-06,1.317182936305551892e-06,1.727222178280992530e-06,1.295629536319692389e-06,1.534310248912497562e-06,2.231577617923640261e-06,2.135605719276712990e-06,1.732290099866824823e-06,1.625310072838747307e-06,1.248438150195452098e-06,1.715166966365935099e-06,2.015800577548419224e-06,1.351496215931809755e-06,1.187795356939654700e-06,4.231007322786989117e-07,1.634531030307037893e-06,1.429793740234439722e-07,1.541113152469841777e-06,7.461722093758644481e-07,4.185430773406152738e-07,2.036712106597638066e-06,1.311885198537287373e-06,0.000000000000000000e+00,3.929898479407327921e-07,7.499329994112558493e-07,0.000000000000000000e+00,1.904991604012023430e-06,0.000000000000000000e+00,0.000000000000000000e+00,1.697884743710529677e-06,1.153112852990419799e-06,2.395553576170941978e-06,4.005670740940998745e-07,1.988238854846680998e-06,1.644881180749776030e-06,1.786440404673373390e-06,6.875821145459854856e-07,nan,4.811748800621927395e-07,1.935482324593543704e-06,nan,nan,nan,nan,nan,nan,nan,nan,nan
9.286915565409976863e-07,1.139056160035691669e-06,2.552287770643209719e-06,3.115707492582499634e-06,1.927249424568255430e-06,1.527744961147568324e-06,1.870553737406750020e-06,1.533252882780833055e-06,1.765394311023441718e-06,1.194279474272573954e-06,1.455331479210904018e-06,1.094509836833888226e-06,1.357903629435077929e-06,1.982488588612004783e-06,1.942328765377322760e-06,1.532448736105941701e-06,1.447423441518248336e-06,1.069497633452850791e-06,1.476049938894335951e-06,1.754897653248210281e-06,1.170625726771622241e-06,1.054393092238890132e-06,3.258158731052352144e-07,1.471249561579858524e-06,1.304725269414400706e-07,1.360090917226540963e-06,6.782776290230664919e-07,2.730592410768026851e-07,1.817514452451782470e-06,1.116899954844521171e-06,0.000000000000000000e+00,3.122292422524791743e-07,6.530954469088365367e-07,0.000000000000000000e+00,1.703024980541662136e-06,0.000000000000000000e+00,0.000000000000000000e+00,1.510842592958918721e-06,9.707895141184130456e-07,2.051108214638097535e-06,2.596861485839439523e-07,1.690282054246418036e-06,1.470767087794548776e-06,1.621802681234026059e-06,5.611220561912627707e-07,nan,4.202951606460752182e-07,1.642771703222960164e-06,nan,nan,nan,nan,nan,nan,nan,nan,nan
1.010899848292873087e-06,1.211927252223889401e-06,2.348267031032798783e-06,1.927249424568255430e-06,3.558402002580656283e-06,1.533036534931748043e-06,1.922304017312175966e-06,1.471379314076502888e-06,1.741233749811809587e-06,1.191878206146964352e-06,1.527341614668602858e-06,1.108665460553497844e-06,1.323755315612174999e-06,1.946073492067271221e-06,1.839303338732221600e-06,1.577476267312239981e-06,1.462247822408108939e-06,1.071000012933070993e-06,1.533494803654597764e-06,1.772271441891279844e-06,1.158378059441903574e-06,1.067408493083342682e-06,3.836239686393422529e-07,1.490442385847168969e-06,1.531460667097082484e-07,1.392374741665659648e-06,6.991970346084429848e-07,4.426775929597202427e-07,1.826490229201676456e-06,1.158153046025710113e-06,0.000000000000000000e+00,3.381977822330939895e-07,6.713262441442965597e-07,0.000000000000000000e+00,1.667960138681738689e-06,0.000000000000000000e+00,0.000000000000000000e+00,1.509966300164337613e-06,1.023385033779868782e-06,2.208933753969228967e-06,3.737731505065630607e-07,1.774133816972905157e-06,1.466155592124879859e-06,1.608514556210338403e-06,6.042114538161889955e-07,nan,5.259352640304671752e-07,1.855124843757767159e-06,nan,nan,nan,nan,nan,nan,nan,nan,nan
7.624432539079878582e-07,9.287945294867525241e-07,1.724347286255552336e-06,1.527744961147568324e-06,1.533036534931748043e-06,1.663596094821276435e-06,1.418474811431657788e-06,1.200895616492359492e-06,1.408105910914766109e-06,9.524295097733135307e-07,1.189678926797500172e-06,9.271196049528588605e-07,1.099509787573632574e-06,1.544145711274332451e-06,1.511935415042683170e-06,1.217448915434822743e-06,1.182948727260145394e-06,8.709535672369638420e-07,1.211019447284264316e-06,1.369209864732303763e-06,9.520603876182993670e-07,8.436451000957410608e-07,3.057424200751710777e-07,1.166683019619743840e-06,1.294771064197559941e-07,1.117719327533153056e-06,5.676029188314244304e-07,3.249071150307256231e-07,1.426504975666425157e-06,9.527524916691810570e-07,0.000000000000000000e+00,2.886146242705281156e-07,5.677469445937740304e-07,0.000000000000000000e+00,1.357554713951156669e-06,0.000000000000000000e+00,0.000000000000000000e+00,1.234107584829821822e-06,8.083566175737998423e-07,1.622844256859492986e-06,2.229883711962385621e-07,1.365276510516413541e-06,1.177447801182418725e-06,1.298093729252707541e-06,4.929066820943930000e-07,nan,3.741338386984729784e-07,1.306588616774813129e-06,nan,nan,nan,nan,nan,nan,nan,nan,nan
8.909939364965927030e-07,1.092614939857484286e-06,2.152769632436665298e-06,1.870553737406750020e-06,1.922304017312175966e-06,1.418474811431657788e-06,2.987351473392136466e-06,1.371886924442579529e-06,1.613309716606135467e-06,1.069665790061822920e-06,1.461197583494747605e-06,1.044272455853362856e-06,1.249001779026903694e-06,1.756652897501345431e-06,1.695178474176646749e-06,1.451421646008528085e-06,1.350581171970642610e-06,9.895866184906609571e-07,1.409299034928603798e-06,1.640938963231565916e-06,1.082314732517080866e-06,9.628587412500715154e-07,3.463008248452949898e-07,1.323727328213811184e-06,1.478016205419340225e-07,1.258801261699006466e-06,6.206693639858860828e-07,4.930211560675327340e-07,1.717722300161385277e-06,1.086775815542039419e-06,0.000000000000000000e+00,2.937764046191509678e-07,6.056157508971747909e-07,0.000000000000000000e+00,1.600248482157740456e-06,0.000000000000000000e+00,0.000000000000000000e+00,1.409951100651567723e-06,8.830409934508030049e-07,2.099024700944772040e-06,2.431426790700656347e-07,1.627964116455061651e-06,1.373029324732707947e-06,1.526224530597719320e-06,5.731784750761550663e-07,nan,4.534932033689236566e-07,1.653964955338417399e-06,nan,nan,nan,nan,nan,nan,nan,nan,nan
7.315610903070308128e-07,9.044041967782564655e-07,1.691424846538647035e-06,1.533252882780833055e-06,1.471379314076502888e-06,1.200895616492359492e-06,1.371886924442579529e-06,2.431398253356215513e-06,1.408673994707560141e-06,9.826056868056289214e-07,1.322290767438171514e-06,9.832606754429871586e-07,1.150899043599140799e-06,1.541827728393155001e-06,1.495624490719490779e-06,1.301172115269423280e-06,1.276460936940584074e-06,9.367726978678214977e-07,1.319593245646795832e-06,1.448469169331904410e-06,1.083906923548860123e-06,9.633686171975773593e-07,3.327883210852408446e-07,1.288146342064913398e-06,1.715944721574211653e-07,1.241998827921072531e-06,5.667114328860493794e-07,2.872053759229790267e-07,1.474355697994665638e-06,9.999306210568157513e-07,0.000000000000000000e+00,2.977831443913048496e-07,6.470476916586482692e-07,0.000000000000000000e+00,1.478807752439317546e-06,0.000000000000000000e+00,0.000000000000000000e+00,1.358499791702533975e-06,8.450818225576173395e-07,1.593719532836958128e-06,2.355436481496486212e-07,1.365541733294460810e-06,1.217730478601426453e-06,1.425911354236321639e-06,5.262828392283984638e-07,nan,4.543576452126362201e-07,1.385335340386298666e-06,nan,nan,nan,nan,nan,nan,nan,nan,nan
8.787874070629898304e-07,1.145956501598225475e-06,1.919607430056153060e-06,1.765394311023441718e-06,1.741233749811809587e-06,1.408105910914766109e-06,1.613309716606135467e-06,1.408673994707560141e-06,2.427744423745496100e-06,1.145029257737806548e-06,1.330197052604403840e-06,9.851367835535402886e-07,1.257601054152386571e-06,1.705354429980026629e-06,1.682942627981106782e-06,1.465950606714459370e-06,1.334978914977790149e-06,9.498902726990032179e-07,1.431224590874823888e-06,1.632805102611414998e-06,1.084265600267753131e-06,9.320478139311268472e-07,2.925075413000782468e-07,1.355039791384846216e-06,1.269350441234236777e-07,1.297300643928402062e-06,6.212987295459606249e-07,3.107886378856308337e-07,1.686194633617263783e-06,1.017235061999854631e-06,0.000000000000000000e+00,2.453964406537050527e-07,6.496138597343561520e-07,0.000000000000000000e+00,1.579741548801191352e-06,0.000000000000000000e+00,0.000000000000000000e+00,1.468295575965277610e-06,8.896929068452531469e-07,1.917708503115716884e-06,2.087360988669518885e-07,1.646749022843119865e-06,1.438863775344069962e-06,1.553150843226509628e-06,5.152817225982224639e-07,nan,4.255262256381890766e-07,1.586286661289290084e-06,nan,nan,nan,nan,nan,nan,nan,nan,nan
6.108862913085712225e-07,8.062682684298239010e-07,1.317182936305551892e-06,1.194279474272573954e-06,1.191878206146964352e-06,9.524295097733135307e-07,1.069665790061822920e-06,9.826056868056289214e-07,1.145029257737806548e-06,1.685912291164946788e-06,9.677700956616086638e-07,7.158001192963413576e-07,8.675672145221677915e-07,1.190798714922546877e-06,1.143613912297444101e-06,1.060388268496346535e-06,9.544091310862543233e-07,6.920746598061480322e-07,1.024051741379417216e-06,1.153987936707751246e-06,8.100358337029315113e-07,7.299717594146945653e-07,2.336339869427855105e-07,1.032162792884230785e-06,1.017030450483610139e-07,9.528494324330076532e-07,4.479240727160143718e-07,2.562804794993033236e-07,1.218934828928102273e-06,7.189214184065333474e-07,0.000000000000000000e+00,2.349348714364145761e-07,5.277247532753965100e-07,0.000000000000000000e+00,1.147901770029433035e-06,0.000000000000000000e+00,0.000000000000000000e+00,1.055758339998490361e-06,6.853220508902362565e-07,1.329181787635416395e-06,3.085689756058425428e-07,1.106237076184698412e-06,1.007813693862251296e-06,1.193565130465452045e-06,3.671300175620730525e-07,nan,3.159668015054178685e-07,1.086596777804767443e-06,nan,nan,nan,nan,nan,nan,nan,nan,nan
7.393582940496417191e-07,8.538954746743236535e-07,1.727222178280992530e-06,1.455331479210904018e-06,1.527341614668602858e-06,1.189678926797500172e-06,1.461197583494747605e-06,1.322290767438171514e-06,1.330197052604403840e-06,9.677700956616086638e-07,2.881610438235072005e-06,1.066705387567221168e-06,1.165019414626127791e-06,1.541940551570600187e-06,1.477583261551621522e-06,1.329547680139919988e-06,1.285326342251898547e-06,1.011214510319402216e-06,1.345248450602165299e-06,1.520033152408881477e-06,1.093512176751548519e-06,1.019531307045036002e-06,3.788389754802648856e-07,1.277653102049147590e-06,1.711096368817078073e-07,1.148706844385647279e-06,5.809409375388028163e-07,3.086880923789741416e-07,1.457218683874179409e-06,1.149164275912746237e-06,0.000000000000000000e+00,3.544005258498805089e-07,6.639506955225675464e-07,0.000000000000000000e+00,1.366596314521382387e-06,0.000000000000000000e+00,0.000000000000000000e+00,1.362163609528949502e-06,9.555272583298439338e-07,1.629870860404046593e-06,3.223988108867046349e-07,1.427337011209894954e-06,1.144978049641129763e-06,1.414169707261419420e-06,5.604025460907915423e-07,nan,5.974851062512834084e-07,1.378683546767739711e-06,nan,nan,nan,nan,nan,nan,nan,nan,nan
5.229365975572185994e-07,6.199851032865352110e-07,1.295629536319692389e-06,1.094509836833888226e-06,1.108665460553497844e-06,9.271196049528588605e-07,1.044272455853362856e-06,9.832606754429871586e-07,9.851367835535402886e-07,7.158001192963413576e-07,1.066705387567221168e-06,1.773579809290141791e-06,8.676209921700270227e-07,1.174336508011114559e-06,1.160754487764880848e-06,9.784200665881504264e-07,1.010946060443192134e-06,8.825761379699334792e-07,1.006003466121141443e-06,1.106598601804129488e-06,8.621517651407041610e-07,8.336432191120075302e-07,3.058785036485324231e-07,9.840394937257511994e-07,1.516080275511928554e-07,8.629533249845612620e-07,4.566486612098352763e-07,3.359739032571666476e-07,1.102747846751623758e-06,8.739154565311080416e-07,0.000000000000000000e+00,2.912530529394507774e-07,5.401541622911975255e-07,0.000000000000000000e+00,1.047264828322266826e-06,0.000000000000000000e+00,0.000000000000000000e+00,1.045328063385017362e-06,7.153103186381149241e-07,1.134500302756021307e-06,2.391763965311444017e-07,1.069695668928310270e-06,8.631955638969223925e-07,1.077909716755601429e-06,4.607786500865816437e-07,nan,4.319166590988982660e-07,1.012839558758387343e-06,nan,nan,nan,nan,nan,nan,nan,nan,nan
6.692348104956619185e-07,8.027285134154647319e-07,1.534310248912497562e-06,1.357903629435077929e-06,1.323755315612174999e-06,1.099509787573632574e-06,1.249001779026903694e-06,1.150899043599140799e-06,1.257601054152386571e-06,8.675672145221677915e-07,1.165019414626127791e-06,8.676209921700270227e-07,1.754427048417047001e-06,1.408416776814745123e-06,1.397528744787530833e-06,1.144205961541541528e-06,1.147468659551291549e-06,8.296183145183097426e-07,1.139851380177243242e-06,1.300777359930020822e-06,9.076163509720210411e-07,8.159667290204972575e-07,2.970650766824445240e-07,1.105725506576513116e-06,1.352759947383989116e-07,1.020604771315120254e-06,4.933105703002105171e-07,3.025692527362632478e-07,1.322358979167819454e-06,8.901827375532064525e-07,0.000000000000000000e+00,2.621312688000811426e-07,5.434026963195866902e-07,0.000000000000000000e+00,1.261267147417152336e-06,0.000000000000000000e+00,0.000000000000000000e+00,1.163275208363797480e-06,7.501949515723198696e-07,1.428242352239685593e-06,2.360604591972629966e-07,1.239040888249923637e-06,1.051007022593504164e-06,1.211373481971331011e-06,4.801908196386729208e-07,nan,3.844132941757716420e-07,1.236918954528919882e-06,nan,nan,nan,nan,nan,nan,nan,nan,nan
9.209588751599961111e-07,1.127674186207524531e-06,2.231577617923640261e-06,1.982488588612004783e-06,1.946073492067271221e-06,1.544145711274332451e-06,1.756652897501345431e-06,1.541827728393155001e-06,1.705354429980026629e-06,1.190798714922546877e-06,1.541940551570600187e-06,1.174336508011114559e-06,1.408416776814745123e-06,3.536912155937048105e-06,1.996039487633346669e-06,1.535553692722750670e-06,1.503629393418355813e-06,1.131058330641618453e-06,1.520432683375115272e-06,1.733916551264345682e-06,1.218215837789833446e-06,1.089039290504718010e-06,3.919523366746806578e-07,1.517411165135236881e-06,1.691577473226625308e-07,1.426031523544873515e-06,7.060489024739348790e-07,4.511809994216582603e-07,1.873780969034600934e-06,1.199228830198775621e-06,0.000000000000000000e+00,3.531628017737461380e-07,7.054118065050991946e-07,0.000000000000000000e+00,1.730280376471001293e-06,0.000000000000000000e+00,0.000000000000000000e+00,1.504233394426661024e-06,1.118736823064335157e-06,1.994579074582197124e-06,2.968396160046737556e-07,1.709863634657426885e-06,1.449733127625801983e-06,1.639139653747479958e-06,6.242543011701915038e-07,nan,5.302218211434392929e-07,1.634150229288772738e-06,nan,nan,nan,nan,nan,nan,nan,nan,nan
8.885861851260108908e-07,1.068082379212066894e-06,2.135605719276712990e-06,1.942328765377322760e-06,1.839303338732221600e-06,1.511935415042683170e-06,1.695178474176646749e-06,1.495624490719490779e-06,1.682942627981106782e-06,1.143613912297444101e-06,1.477583261551621522e-06,1.160754487764880848e-06,1.397528744787530833e-06,1.996039487633346669e-06,2.855141630309527457e-06,1.506478079864147559e-06,1.579585541324173746e-06,1.117711007493105863e-06,1.482805268354353972e-06,1.695310733611963481e-06,1.201871722714228770e-06,1.061432576830099829e-06,3.553194208262018082e-07,1.483137888834274136e-06,1.652874738984960601e-07,1.349247908859752493e-06,6.487172927190827693e-07,3.091123899124562141e-07,1.776270891052725061e-06,1.210271891138336866e-06,0.000000000000000000e+00,3.277006400792532681e-07,6.672101653845567366e-07,0.000000000000000000e+00,1.642375246335561770e-06,0.000000000000000000e+00,0.000000000000000000e+00,1.495358424746506725e-06,9.673436412236764712e-07,1.912104322725925537e-06,2.277612054596162234e-07,1.666714850085763295e-06,1.392407961207553328e-06,1.592244081646212344e-06,5.979743418099773976e-07,nan,4.594718706372910507e-07,1.559548844751884043e-06,nan,nan,nan,nan,nan,nan,nan,nan,nan
7.689520227083591379e-07,9.611536035927394101e-07,1.732290099866824823e-06,1.532448736105941701e-06,1.577476267312239981e-06,1.217448915434822743e-06,1.451421646008528085e-06,1.301172115269423280e-06,1.465950606714459370e-06,1.060388268496346535e-06,1.329547680139919988e-06,9.784200665881504264e-07,1.144205961541541528e-06,1.535553692722750670e-06,1.506478079864147559e-06,2.625038055703349840e-06,1.251865564493345289e-06,9.455994610341111291e-07,1.439696861637862293e-06,1.507012643402860885e-06,1.092886988030766745e-06,9.547862228145612463e-07,3.227764020597837512e-07,1.319923481738437822e-06,1.712556556774625108e-07,1.229299760789323116e-06,5.538087509147008998e-07,3.497700079786929033e-07,1.628546336549849219e-06,1.083787543587534160e-06,0.000000000000000000e+00,2.952956595809233391e-07,6.557415813658060925e-07,0.000000000000000000e+00,1.471916708448597632e-06,0.000000000000000000e+00,0.000000000000000000e+00,1.400269251469208727e-06,9.583835976077432890e-07,1.754598498789860717e-06,3.280100277123232384e-07,1.458403436771500114e-06,1.249766073142830027e-06,1.506880471693376848e-06,5.646306415840974464e-07,nan,4.084548574214244853e-07,1.472818866865902874e-06,nan,nan,nan,nan,nan,nan,nan,nan,nan
6.984817929209364467e-07,8.383568434787584077e-07,1.625310072838747307e-06,1.447423441518248336e-06,1.462247822408108939e-06,1.182948727260145394e-06,1.350581171970642610e-06,1.276460936940584074e-06,1.334978914977790149e-06,9.544091310862543233e-07,1.285326342251898547e-06,1.010946060443192134e-06,1.147468659551291549e-06,1.503629393418355813e-06,1.579585541324173746e-06,1.251865564493345289e-06,2.193777152587566201e-06,9.533749878977681607e-07,1.278449274724235117e-06,1.415963953353481329e-06,1.059197115913427385e-06,9.720199207055437355e-07,3.351041743395627270e-07,1.254416245861163114e-06,1.772720894935381787e-07,1.129492881894748278e-06,5.357434474947281898e-07,3.521646679947755974e-07,1.473429594923960627e-06,1.049673254699948905e-06,0.000000000000000000e+00,2.897971766509475074e-07,6.403647037357237240e-07,0.000000000000000000e+00,1.368248149661332986e-06,0.000000000000000000e+00,0.000000000000000000e+00,1.273171448201323131e-06,8.656595272651812023e-07,1.517197758535960706e-06,2.912051391092771704e-07,1.342061751013885081e-06,1.119653075690444912e-06,1.338538975536980568e-06,5.466254597060643345e-07,nan,4.701113068472964191e-07,1.262508115585343268e-06,nan,nan,nan,nan,nan,nan,nan,nan,nan
5.136373574426589221e-07,6.089349138346969927e-07,1.248438150195452098e-06,1.069497633452850791e-06,1.071000012933070993e-06,8.709535672369638420e-07,9.895866184906609571e-07,9.367726978678214977e-07,9.498902726990032179e-07,6.920746598061480322e-07,1.011214510319402216e-06,8.825761379699334792e-07,8.296183145183097426e-07,1.131058330641618453e-06,1.117711007493105863e-06,9.455994610341111291e-07,9.533749878977681607e-07,1.482546756633259602e-06,9.414046991140089388e-07,1.035734085637192359e-06,7.967028156045684702e-07,7.723453038287964460e-07,3.006155108007343573e-07,9.225829471561615780e-07,1.352323463777444682e-07,8.217332545037411199e-07,4.249716444364277515e-07,3.532978537389024824e-07,1.088940685403181071e-06,8.726985769980107951e-07,0.000000000000000000e+00,2.630653618175693754e-07,5.270797798838073305e-07,0.000000000000000000e+00,1.016530114252069488e-06,0.000000000000000000e+00,0.000000000000000000e+00,9.846645613938535440e-07,6.638754216964330294e-07,1.084201125697084490e-06,2.918013097511235020e-07,1.010668413893462632e-06,8.377473357016091576e-07,1.062036023181945296e-06,4.386785463141083259e-07,nan,3.767226661723117906e-07,9.806505856789678340e-07,nan,nan,nan,nan,nan,nan,nan,nan,nan
7.572205543592068188e-07,9.379331606751027918e-07,1.715166966365935099e-06,1.476049938894335951e-06,1.533494803654597764e-06,1.211019447284264316e-06,1.409299034928603798e-06,1.319593245646795832e-06,1.431224590874823888e-06,1.024051741379417216e-06,1.345248450602165299e-06,1.006003466121141443e-06,1.139851380177243242e-06,1.520432683375115272e-06,1.482805268354353972e-06,1.439696861637862293e-06,1.278449274724235117e-06,9.414046991140089388e-07,2.281967226514447407e-06,1.503409283803826624e-06,1.080564438733146020e-06,9.653192855124677093e-07,3.292031490333248679e-07,1.296114927094574838e-06,1.517000083433774600e-07,1.216891802394671678e-06,5.853282003756744079e-07,3.702294161761543183e-07,1.620632533203036925e-06,1.064738406292559812e-06,0.000000000000000000e+00,2.948452958881903333e-07,6.794689073383811801e-07,0.000000000000000000e+00,1.444582974293713304e-06,0.000000000000000000e+00,0.000000000000000000e+00,1.367007692259145868e-06,9.752642483096080289e-07,1.682444354180384918e-06,3.296374365409656872e-07,1.452744534103049876e-06,1.243625690164804298e-06,1.417790906993250577e-06,5.644112051721769562e-07,nan,4.642380924490097240e-07,1.414622046588479854e-06,nan,nan,nan,nan,nan,nan,nan,nan,nan
8.789702955664532835e-07,1.057426442863663404e-06,2.015800577548419224e-06,1.754897653248210281e-06,1.772271441891279844e-06,1.369209864732303763e-06,1.640938963231565916e-06,1.448469169331904410e-06,1.632805102611414998e-06,1.153987936707751246e-06,1.520033152408881477e-06,1.106598601804129488e-06,1.300777359930020822e-06,1.733916551264345682e-06,1.695310733611963481e-06,1.507012643402860885e-06,1.415963953353481329e-06,1.035734085637192359e-06,1.503409283803826624e-06,3.073202420024592285e-06,1.162839295972310006e-06,1.045333026632048914e-06,3.501332921860216202e-07,1.417953198927162974e-06,1.602924418902568287e-07,1.282521717801526850e-06,6.223501672668837047e-07,2.603779698625729816e-07,1.737324942854859666e-06,1.167982938170260211e-06,0.000000000000000000e+00,3.442818954305463723e-07,6.988245014163658502e-07,0.000000000000000000e+00,1.673989275699303771e-06,0.000000000000000000e+00,0.000000000000000000e+00,1.541027657072767965e-06,9.794845324859126349e-07,1.904852266942555422e-06,2.565366819703767969e-07,1.728867560992613068e-06,1.403097855504114106e-06,1.668862025675744267e-06,6.182327656588036139e-07,nan,5.039002341455870246e-07,1.710486731170979542e-06,nan,nan,nan,nan,nan,nan,nan,nan,nan
5.528338124735921800e-07,7.050697872067451995e-07,1.351496215931809755e-06,1.170625726771622241e-06,1.158378059441903574e-06,9.520603876182993670e-07,1.082314732517080866e-06,1.083906923548860123e-06,1.084265600267753131e-06,8.100358337029315113e-07,1.093512176751548519e-06,8.621517651407041610e-07,9.076163509720210411e-07,1.218215837789833446e-06,1.201871722714228770e-06,1.092886988030766745e-06,1.059197115913427385e-06,7.967028156045684702e-07,1.080564438733146020e-06,1.162839295972310006e-06,2.127634179251717194e-06,8.401579886279125989e-07,3.012635272300460173e-07,1.053587422707700122e-06,1.471879970074319960e-07,9.870994320186458378e-07,4.990818128422572711e-07,3.144050190136764633e-07,1.230325784648255317e-06,9.031710302328144545e-07,0.000000000000000000e+00,2.693664327712742776e-07,6.268887804243949978e-07,0.000000000000000000e+00,1.148282853455919331e-06,0.000000000000000000e+00,0.000000000000000000e+00,1.129142146774213856e-06,7.834218704389898768e-07,1.250000837912725079e-06,1.989568755016001489e-07,1.105120761458269011e-06,9.614251899685813468e-07,1.166090291270729708e-06,4.541818974610529575e-07,nan,4.529611173151008915e-07,1.030695469773826338e-06,nan,nan,nan,nan,nan,nan,nan,nan,nan
4.872967490950893367e-07,5.895593223936337555e-07,1.187795356939654700e-06,1.054393092238890132e-06,1.067408493083342682e-06,8.436451000957410608e-07,9.628587412500715154e-07,9.633686171975773593e-07,9.320478139311268472e-07,7.299717594146945653e-07,1.019531307045036002e-06,8.336432191120075302e-07,8.159667290204972575e-07,1.089039290504718010e-06,1.061432576830099829e-06,9.547862228145612463e-07,9.720199207055437355e-07,7.723453038287964460e-07,9.653192855124677093e-07,1.045333026632048914e-06,8.401579886279125989e-07,2.382579441844292506e-06,2.844384807095813803e-07,9.718302737675949933e-07,1.535549832508738134e-07,9.040635611846478990e-07,4.595815737706573943e-07,2.769796298531128043e-07,1.120655702807556292e-06,8.804539150056721428e-07,0.000000000000000000e+00,2.913564369260096360e-07,5.490699907061992633e-07,0.000000000000000000e+00,1.032651934945651088e-06,0.000000000000000000e+00,0.000000000000000000e+00,1.038612710969628940e-06,7.051451017321125475e-07,1.122325761040849217e-06,3.344240628640121104e-07,1.010024740485995136e-06,8.274881214043403029e-07,1.077237098195225991e-06,4.190026954707823037e-07,nan,4.475184062155885872e-07,9.495222673888593395e-07,nan,nan,nan,nan,nan,nan,nan,nan,nan
2.379517522503465557e-07,2.144022674631940699e-07,4.231007322786989117e-07,3.258158731052352144e-07,3.836239686393422529e-07,3.057424200751710777e-07,3.463008248452949898e-07,3.327883210852408446e-07,2.925075413000782468e-07,2.336339869427855105e-07,3.788389754802648856e-07,3.058785036485324231e-07,2.970650766824445240e-07,3.919523366746806578e-07,3.553194208262018082e-07,3.227764020597837512e-07,3.351041743395627270e-07,3.006155108007343573e-07,3.292031490333248679e-07,3.501332921860216202e-07,3.012635272300460173e-07,2.844384807095813803e-07,7.611507729622514023e-07,3.024097693562319104e-07,9.062546287501675944e-08,2.636556413543548405e-07,2.015891163466976428e-07,1.523868315269026904e-07,3.415283840137850139e-07,3.333452751656347681e-07,0.000000000000000000e+00,2.058781291134070745e-07,2.603482676986812531e-07,0.000000000000000000e+00,3.594639392485136556e-07,0.000000000000000000e+00,0.000000000000000000e+00,3.511093406654142736e-07,2.431037673759646324e-07,3.753955928653189436e-07,1.118568254083786258e-07,3.469047754265956762e-07,2.978980786411258057e-07,3.331198591914279365e-07,2.194337634666182930e-07,nan,2.085973404192610207e-07,3.380410036322178879e-07,nan,nan,nan,nan,nan,nan,nan,nan,nan
7.131259783522724288e-07,8.792362693014085701e-07,1.634531030307037893e-06,1.471249561579858524e-06,1.490442385847168969e-06,1.166683019619743840e-06,1.323727328213811184e-06,1.288146342064913398e-06,1.355039791384846216e-06,1.032162792884230785e-06,1.277653102049147590e-06,9.840394937257511994e-07,1.105725506576513116e-06,1.517411165135236881e-06,1.483137888834274136e-06,1.319923481738437822e-06,1.254416245861163114e-06,9.225829471561615780e-07,1.296114927094574838e-06,1.417953198927162974e-06,1.053587422707700122e-06,9.718302737675949933e-07,3.024097693562319104e-07,2.928876736251907940e-06,1.497279879330442808e-07,1.211321933559682943e-06,5.816698323039812975e-07,4.034400756739705890e-07,1.474672913782355141e-06,1.038451456866635380e-06,0.000000000000000000e+00,2.932801790735689446e-07,6.234250440019505446e-07,0.000000000000000000e+00,1.422625793761080927e-06,0.000000000000000000e+00,0.000000000000000000e+00,1.356666632536620091e-06,8.307798376786867069e-07,1.585217763862659476e-06,3.167135515595460462e-07,1.361902261444887203e-06,1.166561270424772292e-06,1.471325944542324793e-06,5.089018966758084197e-07,nan,4.687501807519461169e-07,1.368206555975192676e-06,nan,nan,nan,nan,nan,nan,nan,nan,nan
8.333575652062222417e-08,8.595677028531345910e-08,1.429793740234439722e-07,1.304725269414400706e-07,1.531460667097082484e-07,1.294771064197559941e-07,1.478016205419340225e-07,1.715944721574211653e-07,1.269350441234236777e-07,1.017030450483610139e-07,1.711096368817078073e-07,1.516080275511928554e-07,1.352759947383989116e-07,1.691577473226625308e-07,1.652874738984960601e-07,1.712556556774625108e-07,1.772720894935381787e-07,1.352323463777444682e-07,1.517000083433774600e-07,1.602924418902568287e-07,1.471879970074319960e-07,1.535549832508738134e-07,9.062546287501675944e-08,1.497279879330442808e-07,1.631816438590648468e-06,1.288841181278684733e-07,7.820114583677154990e-08,1.375694377968462745e-07,1.837019393104794006e-07,1.805486929517419744e-07,0.000000000000000000e+00,1.166035907354539834e-07,1.334830910827563539e-07,0.000000000000000000e+00,1.434234656086151087e-07,0.000000000000000000e+00,0.000000000000000000e+00,1.958517136120611011e-07,1.040751275880623327e-07,1.804325933870272648e-07,1.210347195499395668e-07,1.483469896032560292e-07,1.370434627834290580e-07,1.846965325168727384e-07,1.115448118942734437e-07,nan,9.779339246010124290e-08,1.342360267823500704e-07,nan,nan,nan,nan,nan,nan,nan,nan,nan
6.839168074961562295e-07,8.611616618839319855e-07,1.541113152469841777e-06,1.360090917226540963e-06,1.392374741665659648e-06,1.117719327533153056e-06,1.258801261699006466e-06,1.241998827921072531e-06,1.297300643928402062e-06,9.528494324330076532e-07,1.148706844385647279e-06,8.629533249845612620e-07,1.020604771315120254e-06,1.426031523544873515e-06,1.349247908859752493e-06,1.229299760789323116e-06,1.129492881894748278e-06,8.217332545037411199e-07,1.216891802394671678e-06,1.282521717801526850e-06,9.870994320186458378e-07,9.040635611846478990e-07,2.636556413543548405e-07,1.211321933559682943e-06,1.288841181278684733e-07,3.629429413395922897e-06,5.099551422178253237e-07,3.063849349983771140e-07,1.431625023838419483e-06,9.112913725623717527e-07,0.000000000000000000e+00,2.278471111474845506e-07,5.771432867030322114e-07,0.000000000000000000e+00,1.327934735618503383e-06,0.000000000000000000e+00,0.000000000000000000e+00,1.242778715739002960e-06,9.136146322117072632e-07,1.534860069022547176e-06,2.298130519808612091e-07,1.247095499648888828e-06,1.121867458586230567e-06,1.404293722656620720e-06,5.043647309912307280e-07,nan,4.407097378693146577e-07,1.273940719924594906e-06,nan,nan,nan,nan,nan,nan,nan,nan,nan
3.962577198587018454e-07,4.456542990183667456e-07,7.461722093758644481e-07,6.782776290230664919e-07,6.991970346084429848e-07,5.676029188314244304e-07,6.206693639858860828e-07,5.667114328860493794e-07,6.212987295459606249e-07,4.479240727160143718e-07,5.809409375388028163e-07,4.566486612098352763e-07,4.933105703002105171e-07,7.060489024739348790e-07,6.487172927190827693e-07,5.538087509147008998e-07,5.357434474947281898e-07,4.249716444364277515e-07,5.853282003756744079e-07,6.223501672668837047e-07,4.990818128422572711e-07,4.595815737706573943e-07,2.015891163466976428e-07,5.816698323039812975e-07,7.820114583677154990e-08,5.099551422178253237e-07,3.022501093651300905e-06,1.593305274746290263e-07,7.202891478376574862e-07,4.583580216447049440e-07,0.000000000000000000e+00,1.689606987942942570e-07,3.583005886870083473e-07,0.000000000000000000e+00,6.300573833626742043e-07,0.000000000000000000e+00,0.000000000000000000e+00,5.990594986033099611e-07,3.937192416670767815e-07,7.199177043931332295e-07,3.870993380988538795e-07,5.996745255145283362e-07,5.548887261413961084e-07,6.516191228628028469e-07,2.916034890580434565e-07,nan,2.159156740042832549e-07,5.583856020818889155e-07,nan,nan,nan,nan,nan,nan,nan,nan,nan
1.857608787901004473e-07,2.486919458640753032e-07,4.185430773406152738e-07,2.730592410768026851e-07,4.426775929597202427e-07,3.249071150307256231e-07,4.930211560675327340e-07,2.872053759229790267e-07,3.107886378856308337e-07,2.562804794993033236e-07,3.086880923789741416e-07,3.359739032571666476e-07,3.025692527362632478e-07,4.511809994216582603e-07,3.091123899124562141e-07,3.497700079786929033e-07,3.521646679947755974e-07,3.532978537389024824e-07,3.702294161761543183e-07,2.603779698625729816e-07,3.144050190136764633e-07,2.769796298531128043e-07,1.523868315269026904e-07,4.034400756739705890e-07,1.375694377968462745e-07,3.063849349983771140e-07,1.593305274746290263e-07,3.795941904866500383e-05,3.821315292101168282e-07,4.016773279318640637e-07,0.000000000000000000e+00,1.942682725045797603e-07,2.993225849612865871e-07,0.000000000000000000e+00,4.334099401964808414e-07,0.000000000000000000e+00,0.000000000000000000e+00,3.109987072567576433e-07,3.593673424637981984e-07,4.985895857817565615e-07,3.741127044319965121e-07,3.259330266289914988e-07,2.729590347262712153e-07,4.236675792211074561e-07,1.440990274033299488e-07,nan,3.584779958298825391e-07,3.730554007226506815e-07,nan,nan,nan,nan,nan,nan,nan,nan,nan
8.932856156784993333e-07,1.090323443848610315e-06,2.036712106597638066e-06,1.817514452451782470e-06,1.826490229201676456e-06,1.426504975666425157e-06,1.717722300161385277e-06,1.474355697994665638e-06,1.686194633617263783e-06,1.218934828928102273e-06,1.457218683874179409e-06,1.102747846751623758e-06,1.322358979167819454e-06,1.873780969034600934e-06,1.776270891052725061e-06,1.628546336549849219e-06,1.473429594923960627e-06,1.088940685403181071e-06,1.620632533203036925e-06,1.737324942854859666e-06,1.230325784648255317e-06,1.120655702807556292e-06,3.415283840137850139e-07,1.474672913782355141e-06,1.837019393104794006e-07,1.431625023838419483e-06,7.202891478376574862e-07,3.821315292101168282e-07,4.514293977423968564e-06,1.152626886431347398e-06,0.000000000000000000e+00,3.112138743888437254e-07,7.393043054571090676e-07,0.000000000000000000e+00,1.678639132334022125e-06,0.000000000000000000e+00,0.000000000000000000e+00,1.595211633134797825e-06,1.062880801718653609e-06,1.992844132196019309e-06,2.774959292622771274e-07,1.668264038912626300e-06,1.453032278224355404e-06,1.739942822814063217e-06,6.299867879289024238e-07,nan,5.201401798376644039e-07,1.666726398567933374e-06,nan,nan,nan,nan,nan,nan,nan,nan,nan
5.710695338513961639e-07,6.428345348540319035e-07,1.311885198537287373e-06,1.116899954844521171e-06,1.158153046025710113e-06,9.527524916691810570e-07,1.086775815542039419e-06,9.999306210568157513e-07,1.017235061999854631e-06,7.189214184065333474e-07,1.149164275912746237e-06,8.739154565311080416e-07,8.901827375532064525e-07,1.199228830198775621e-06,1.210271891138336866e-06,1.083787543587534160e-06,1.049673254699948905e-06,8.726985769980107951e-07,1.064738406292559812e-06,1.167982938170260211e-06,9.031710302328144545e-07,8.804539150056721428e-07,3.333452751656347681e-07,1.038451456866635380e-06,1.805486929517419744e-07,9.112913725623717527e-07,4.583580216447049440e-07,4.016773279318640637e-07,1.152626886431347398e-06,3.443582522136638980e-06,0.000000000000000000e+00,3.165386676060232046e-07,5.743362965878441513e-07,0.000000000000000000e+00,1.112532930571201497e-06,0.000000000000000000e+00,0.000000000000000000e+00,1.091118031106197494e-06,8.045453416341372792e-07,1.267590425861608098e-06,2.850308615672498701e-07,1.178372253832808567e-06,9.097707183322892620e-07,1.114619622613622129e-06,4.778769469208444844e-07,nan,5.060085538282725519e-07,1.088025320719783981e-06,nan,nan,nan,nan,nan,nan,nan,nan,nan
0.000000000000000000e+00,0.000000000000000000e+00,0.000000000000000000e+00,0.000000000000000000e+00,0.000000000000000000e+00,0.000000000000000000e+00,0.000000000000000000e+00,0.000000000000000000e+00,0.000000000000000000e+00,0.000000000000000000e+00,0.000000000000000000e+00,0.000000000000000000e+00,0.000000000000000000e+00,0.000000000000000000e+00,0.000000000000000000e+00,0.000000000000000000e+00,0.000000000000000000e+00,0.000000000000000000e+00,0.000000000000000000e+00,0.000000000000000000e+00,0.000000000000000000e+00,0.000000000000000000e+00,0.000000000000000000e+00,0.000000000000000000e+00,0.000000000000000000e+00,0.000000000000000000e+00,0.000000000000000000e+00,0.000000000000000000e+00,0.000000000000000000e+00,0.000000000000000000e+00,0.000000000000000000e+00,0.000000000000000000e+00,0.000000000000000000e+00,0.000000000000000000e+00,0.000000000000000000e+00,0.000000000000000000e+00,0.000000000000000000e+00,0.000000000000000000e+00,0.000000000000000000e+00,0.000000000000000000e+00,0.000000000000000000e+00,0.000000000000000000e+00,0.000000000000000000e+00,0.000000000000000000e+00,0.000000000000000000e+00,nan,0.000000000000000000e+00,0.000000000000000000e+00,nan,nan,nan,nan,nan,nan,nan,nan,nan
1.918740959527307099e-07,1.820809903783265160e-07,3.929898479407327921e-07,3.122292422524791743e-07,3.381977822330939895e-07,2.886146242705281156e-07,2.937764046191509678e-07,2.977831443913048496e-07,2.453964406537050527e-07,2.349348714364145761e-07,3.544005258498805089e-07,2.912530529394507774e-07,2.621312688000811426e-07,3.531628017737461380e-07,3.277006400792532681e-07,2.952956595809233391e-07,2.897971766509475074e-07,2.630653618175693754e-07,2.948452958881903333e-07,3.442818954305463723e-07,2.693664327712742776e-07,2.913564369260096360e-07,2.058781291134070745e-07,2.932801790735689446e-07,1.166035907354539834e-07,2.278471111474845506e-07,1.689606987942942570e-07,1.942682725045797603e-07,3.112138743888437254e-07,3.165386676060232046e-07,0.000000000000000000e+00,1.086431232038125261e-06,2.259716187982718520e-07,0.000000000000000000e+00,3.108884361778584340e-07,0.000000000000000000e+00,0.000000000000000000e+00,3.127047049523841043e-07,2.319741891347529170e-07,3.305217623858290762e-07,1.546844420367905047e-07,2.999334936177970109e-07,2.599773909811174003e-07,3.220048617846132390e-07,2.255312463527440406e-07,nan,1.992887563761821486e-07,2.795593137007769786e-07,nan,nan,nan,nan,nan,nan,nan,nan,nan
