7.236488196974303079e-07,8.434963520556689684e-07,1.089440855394603399e-06,8.094091861211371514e-07,9.793628478809906111e-07,9.279933230636751433e-07,6.176951886943586933e-07,8.484766064549261046e-07,9.234963529771400992e-07,8.138821850880612686e-07,6.490515403317590154e-07,8.083954071286748141e-07,8.687464869662328286e-07,1.227822869192763917e-06,8.515173897403974242e-07,6.293672380358903906e-07,9.790535547089451331e-07,6.843856069490317530e-07,7.779618606075134538e-07,5.243079512901880282e-07,4.070131941598995268e-07,8.017684168426390533e-07,3.564300506220190076e-07,9.792080545646824287e-07,1.724163229496161317e-07,9.540774118399053861e-07,3.754266857111497641e-08,1.423717377454319191e-08,3.491154770004242010e-07,5.518990554975594603e-07,0.000000000000000000e+00,2.281884731454008553e-07,5.171491159458238435e-07,0.000000000000000000e+00,7.849057597341936798e-07,0.000000000000000000e+00,2.911931281235697126e-08,1.030741136655684044e-06,4.424702759173582904e-07,1.103284248153352901e-06,2.232068600475700750e-07,6.052339685765675134e-07,5.780841126136165936e-07,9.355884433661206662e-07,4.963144321358910428e-07,nan,4.559303605889620881e-07,7.401704333960193743e-07,nan,nan,nan,nan,nan,nan,nan,nan,nan
8.434963520556689684e-07,1.789750523886840306e-06,1.557243482406210814e-06,1.198365852198252341e-06,1.467395423826647343e-06,1.426636627175519006e-06,9.032271883793993307e-07,1.328059883472738082e-06,1.546222179297600368e-06,1.360120039794954677e-06,1.034755633492202081e-06,1.262241544078320790e-06,1.307315989032947508e-06,2.008118176527205759e-06,1.281385030996941300e-06,9.635665727765062817e-07,1.540906598178091582e-06,1.036098467895877914e-06,1.218327177709651676e-06,8.737140561299302507e-07,6.482703405750590157e-07,1.280398266208473139e-06,4.073634815374831063e-07,1.512364730958194881e-06,2.297552315518671371e-07,1.489160789054393523e-06,1.058616042185942871e-07,7.987383448388263021e-09,4.892270160775499649e-07,8.700182840086634266e-07,0.000000000000000000e+00,3.265187485204457355e-07,9.395341442696260922e-07,0.000000000000000000e+00,1.298112372878247908e-06,0.000000000000000000e+00,8.279558469460772275e-08,1.662220380773192393e-06,6.814694892139073971e-07,1.749858535109527719e-06,3.188896793022768551e-07,9.355965329121692579e-07,9.732820068841139469e-07,1.453808342733864198e-06,6.330024799972439799e-07,nan,7.419699057620706115e-07,1.115518817454861056e-06,nan,nan,nan,nan,nan,nan,nan,nan,nan
1.089440855394603399e-06,1.557243482406210814e-06,3.615521698062880004e-06,1.768668802065388419e-06,1.766540255319358698e-06,1.752398743347187729e-06,1.230541741043664358e-06,1.716319238741909059e-06,1.833276544104620982e-06,1.624611532529510351e-06,1.363607491449601618e-06,1.667150377573222123e-06,1.752929996621463361e-06,2.391336046372301025e-06,1.765201245621194290e-06,1.291162005441100609e-06,2.001078864214149177e-06,1.403824012317534522e-06,1.558147422489674013e-06,1.099562690010041785e-06,8.778140231190584535e-07,1.649985858370254436e-06,5.445197642203369326e-07,2.021366888980180162e-06,2.627705294729973621e-07,1.881081453933519706e-06,1.133432388325796545e-07,3.191213753401630447e-08,7.728366876474906493e-07,1.091525104085562671e-06,0.000000000000000000e+00,3.954984509838059547e-07,9.771850394021057910e-07,0.000000000000000000e+00,1.550045361580372252e-06,0.000000000000000000e+00,-1.581970111544027679e-08,2.057010523741674872e-06,9.145452987572274274e-07,2.231890360540600930e-06,4.200823497729416895e-07,1.191728061635559736e-06,1.157946860333692978e-06,1.838494704881975926e-06,8.336961078811047622e-07,nan,9.420341267610016741e-07,1.429563524557280204e-06,nan,nan,nan,nan,nan,nan,nan,nan,nan
8.094091861211371514e-07,1.198365852198252341e-06,1.768668802065388419e-06,2.252865087981533886e-06,1.311715455401550924e-06,1.364618367720415344e-06,1.001962436133819350e-06,1.367211032736432265e-06,1.495171410833782328e-06,1.335377322869836620e-06,1.090361553034615854e-06,1.272177919627482559e-06,1.392716431950685656e-06,1.800167761255811557e-06,1.277050580013040393e-06,9.887443213853179372e-07,1.605246698062528916e-06,1.085902403709372290e-06,1.258303123439571438e-06,9.164121960309746286e-07,6.835134137700194974e-07,1.387340506788658417e-06,3.834630110484424868e-07,1.661243045232028635e-06,2.208746082991518190e-07,1.500893598389131982e-06,8.159210390641798718e-08,2.783606625998522873e-08,4.780028930917635570e-07,9.164502003549754294e-07,0.000000000000000000e+00,2.810823106152864152e-07,7.370374806671132015e-07,0.000000000000000000e+00,1.227400752176909681e-06,0.000000000000000000e+00,1.180201084789414810e-07,1.723738243104428397e-06,7.731948496003320777e-07,1.814803047088854087e-06,3.267067544886135723e-07,9.261210222553878837e-07,9.202205888464278807e-07,1.492469466142283421e-06,6.263476045351645590e-07,nan,7.027638782921198654e-07,1.086255469226145742e-06,nan,nan,nan,nan,nan,nan,nan,nan,nan
9.793628478809906111e-07,1.467395423826647343e-06,1.766540255319358698e-06,1.311715455401550924e-06,9.816587743130938869e-06,1.676726888806377160e-06,1.037333015380377738e-06,1.471013876809941076e-06,1.664994589076098610e-06,1.391543779732859923e-06,1.199553077135734974e-06,1.465504044730040167e-06,1.516395966838478739e-06,2.345095056045852078e-06,1.514225830034099999e-06,1.027751600531794715e-06,1.695782642624697238e-06,1.365147954685715266e-06,1.391453225564042821e-06,1.008585099732289222e-06,7.064395981167766100e-07,1.456323517860443603e-06,5.123936514313733462e-07,1.701734673316685756e-06,1.734399573113014688e-07,1.687248935664014828e-06,1.702809183276229289e-07,1.613581068210517555e-08,5.188122151544889227e-07,1.087081182929688398e-06,0.000000000000000000e+00,3.012488518996905391e-07,9.079482446988945181e-07,0.000000000000000000e+00,1.465264010324528253e-06,0.000000000000000000e+00,1.435366560903312129e-07,1.918148700594775051e-06,8.050286382324965007e-07,1.666491354479097959e-06,2.081085648141993637e-07,1.065705693038187659e-06,9.983750712525292521e-07,1.794482098903146126e-06,7.299956449421467797e-07,nan,9.304867426987209753e-07,1.389673017591423882e-06,nan,nan,nan,nan,nan,nan,nan,nan,nan
9.279933230636751433e-07,1.426636627175519006e-06,1.752398743347187729e-06,1.364618367720415344e-06,1.676726888806377160e-06,2.410250039244761349e-06,1.017140043747007738e-06,1.462125740976105240e-06,1.698065470276739206e-06,1.395446184486010399e-06,1.169786781243066498e-06,1.515344184195265975e-06,1.500045164190023764e-06,2.216080452599428780e-06,1.573891637423363296e-06,1.061018714183396187e-06,1.715089672780626956e-06,1.293707152085710523e-06,1.301989085285989971e-06,9.615474125439161320e-07,7.442342635668453474e-07,1.400651869702914092e-06,4.668510576179002624e-07,1.691592566872417214e-06,2.681230969483639246e-07,1.634652516119995675e-06,1.176732958600929602e-07,4.718752119352557627e-08,5.589546768217954755e-07,9.556807119123220651e-07,0.000000000000000000e+00,3.562722139078290355e-07,9.006982440665130452e-07,0.000000000000000000e+00,1.333721064931534439e-06,0.000000000000000000e+00,3.482863753619218489e-08,1.802176355803708239e-06,7.977658209091146459e-07,1.798297238653976922e-06,3.470923488086902676e-07,1.066291786934146601e-06,1.028524134251808987e-06,1.599444356993831863e-06,6.951960352170811455e-07,nan,8.091297644226785305e-07,1.241078142921364724e-06,nan,nan,nan,nan,nan,nan,nan,nan,nan
6.176951886943586933e-07,9.032271883793993307e-07,1.230541741043664358e-06,1.001962436133819350e-06,1.037333015380377738e-06,1.017140043747007738e-06,1.680479014787681713e-06,1.092038591046350914e-06,1.163685486156478799e-06,1.043335530154309030e-06,9.496953375657307774e-07,1.027948888508390902e-06,1.078273947197483565e-06,1.395696757514887637e-06,1.037170870139838994e-06,9.139991996227780211e-07,1.237188438596208043e-06,8.972642862961513176e-07,1.168950804306819050e-06,8.037871506784111449e-07,6.222962826214593051e-07,1.092111588153729274e-06,3.526986188506069411e-07,1.315565702569666126e-06,2.358382441505302044e-07,1.215563763792393398e-06,8.913267594053722576e-08,8.197530040940542503e-09,5.405906153638416322e-07,7.883693881474565393e-07,0.000000000000000000e+00,2.652634364439607828e-07,6.419231975877765142e-07,0.000000000000000000e+00,1.038883954914909237e-06,0.000000000000000000e+00,1.024436370438499237e-07,1.400180055767909611e-06,7.003108563179404710e-07,1.474237430052580886e-06,3.529803655079336586e-07,7.864616641135545774e-07,7.872307310261486950e-07,1.196692348328546608e-06,5.719983762367515571e-07,nan,6.580143284985449354e-07,9.172404554794874406e-07,nan,nan,nan,nan,nan,nan,nan,nan,nan
8.484766064549261046e-07,1.328059883472738082e-06,1.716319238741909059e-06,1.367211032736432265e-06,1.471013876809941076e-06,1.462125740976105240e-06,1.092038591046350914e-06,3.196672900881120287e-06,1.628087010616771933e-06,1.561864406603391629e-06,1.321609062517715245e-06,1.466472426411030137e-06,1.520330635630070894e-06,2.034524508148609102e-06,1.422547030599805698e-06,1.185696441233720362e-06,1.786877793456307036e-06,1.226469273633945352e-06,1.527319659824579614e-06,1.115299636250177419e-06,8.526853335938362229e-07,1.629581445970522898e-06,4.647842796914795495e-07,1.887426370576960590e-06,2.707743205474796753e-07,1.724995670959587285e-06,8.099185725115315584e-08,3.728398748888788646e-08,5.774309755519017797e-07,1.100137192391598877e-06,0.000000000000000000e+00,3.372051546313642608e-07,9.219269221300111423e-07,0.000000000000000000e+00,1.463801470723853079e-06,0.000000000000000000e+00,2.645413997666809181e-07,2.015872707074451480e-06,9.404753467030021615e-07,2.033182223322791408e-06,5.037795073715060437e-07,1.078774612802225082e-06,1.115774052837049472e-06,1.735746573805366786e-06,7.578815559610611416e-07,nan,8.929282364321408533e-07,1.293533674312334244e-06,nan,nan,nan,nan,nan,nan,nan,nan,nan
9.234963529771400992e-07,1.546222179297600368e-06,1.833276544104620982e-06,1.495171410833782328e-06,1.664994589076098610e-06,1.698065470276739206e-06,1.163685486156478799e-06,1.628087010616771933e-06,2.820285868863667725e-06,1.559991744071177457e-06,1.317903814189803759e-06,1.593302521852989064e-06,1.634882970754073053e-06,2.325008959643036253e-06,1.560354791919802112e-06,1.142525593101145318e-06,1.918113685862750797e-06,1.345318733236988743e-06,1.490281679588164092e-06,1.100352740520191907e-06,8.087820802642780859e-07,1.608963071793833930e-06,4.597605592165305247e-07,1.906045903303486200e-06,2.952062772018290541e-07,1.781245996685364612e-06,1.160914532719637299e-07,3.109335609176279840e-08,5.833555419996384019e-07,1.082414969262044877e-06,0.000000000000000000e+00,3.604308956373196295e-07,9.417022436015808040e-07,0.000000000000000000e+00,1.513763955271591609e-06,0.000000000000000000e+00,1.351643261569187528e-07,2.112728332449786331e-06,8.909330200348803347e-07,1.998537501596104507e-06,4.475135587972822596e-07,1.113747999634574821e-06,1.102075200059779600e-06,1.781229099889268111e-06,6.864892854875346963e-07,nan,9.146777496603161501e-07,1.358832912741084770e-06,nan,nan,nan,nan,nan,nan,nan,nan,nan
8.138821850880612686e-07,1.360120039794954677e-06,1.624611532529510351e-06,1.335377322869836620e-06,1.391543779732859923e-06,1.395446184486010399e-06,1.043335530154309030e-06,1.561864406603391629e-06,1.559991744071177457e-06,4.195929226031353623e-06,1.214954135313232759e-06,1.371158820271055425e-06,1.439802995415554073e-06,2.001004069446636054e-06,1.287137585392187899e-06,1.139802632666735308e-06,1.710335670471075220e-06,1.128311885260438364e-06,1.487912007652565421e-06,1.054096212020175073e-06,7.296429581901337478e-07,1.489561774869804934e-06,4.183835866579026165e-07,1.847514019538800859e-06,2.628162719385671849e-07,1.656262435689690782e-06,1.243689650162379911e-07,-4.106108639533821418e-10,5.693816030038812888e-07,1.081809538685000245e-06,0.000000000000000000e+00,2.724725955546179509e-07,9.030132479996109609e-07,0.000000000000000000e+00,1.383564218087554180e-06,0.000000000000000000e+00,2.872694775453971689e-07,1.954485389353040715e-06,8.946828448357814992e-07,2.129200988114576947e-06,3.994754552081480284e-07,1.014246730730913269e-06,1.015004724164617048e-06,1.673170547501850417e-06,6.490132863486703872e-07,nan,8.030189054568773412e-07,1.295832869944313472e-06,nan,nan,nan,nan,nan,nan,nan,nan,nan
6.490515403317590154e-07,1.034755633492202081e-06,1.363607491449601618e-06,1.090361553034615854e-06,1.199553077135734974e-06,1.169786781243066498e-06,9.496953375657307774e-07,1.321609062517715245e-06,1.317903814189803759e-06,1.214954135313232759e-06,2.482074801276843284e-06,1.220650303904997161e-06,1.258329429140038699e-06,1.639641968995268506e-06,1.196699411640685977e-06,1.087866180825056598e-06,1.460335880715839134e-06,1.059092236260147271e-06,1.345662488214445627e-06,1.075322389298721952e-06,7.892129481093926749e-07,1.391339464183790828e-06,3.864512813716983969e-07,1.567619873715451269e-06,2.689552681813107720e-07,1.425513759294179189e-06,7.773006797810552549e-08,2.507213004252438536e-08,6.121511186250884689e-07,1.039301414948935024e-06,0.000000000000000000e+00,3.082212273710740637e-07,7.739257168648345291e-07,0.000000000000000000e+00,1.214645679810517340e-06,0.000000000000000000e+00,1.330054630882736222e-07,1.633884484004346950e-06,9.113831884623809619e-07,1.721654234321977943e-06,4.659443017149145347e-07,9.324058662318004741e-07,9.754635226069192688e-07,1.400613602476749301e-06,5.827934460255780651e-07,nan,8.695448857015851893e-07,1.020891803451066492e-06,nan,nan,nan,nan,nan,nan,nan,nan,nan
8.083954071286748141e-07,1.262241544078320790e-06,1.667150377573222123e-06,1.272177919627482559e-06,1.465504044730040167e-06,1.515344184195265975e-06,1.027948888508390902e-06,1.466472426411030137e-06,1.593302521852989064e-06,1.371158820271055425e-06,1.220650303904997161e-06,2.914361216123331725e-06,1.462434701269548284e-06,2.025095439606307845e-06,1.491353432355973093e-06,1.126974160724653668e-06,1.711997620806506788e-06,1.311308455594152864e-06,1.372109176208530192e-06,1.076418404926024944e-06,7.896472420897197227e-07,1.431535230755327947e-06,4.455231725439918759e-07,1.723140118902655604e-06,2.724121620660679840e-07,1.595253403390403048e-06,3.118713946213005995e-08,2.343191319616003547e-08,6.551238330100153574e-07,1.019702874553095999e-06,0.000000000000000000e+00,3.257198746157154497e-07,8.348248075960970286e-07,0.000000000000000000e+00,1.343817164810422656e-06,0.000000000000000000e+00,8.570326023416796254e-08,1.775413416136692421e-06,8.507911978756694485e-07,1.773577418143747719e-06,4.093274622740574885e-07,1.024585292613260655e-06,1.053639613778779644e-06,1.560524251786503671e-06,7.133681335553838782e-07,nan,8.621277407316299084e-07,1.189339967167981053e-06,nan,nan,nan,nan,nan,nan,nan,nan,nan
8.687464869662328286e-07,1.307315989032947508e-06,1.752929996621463361e-06,1.392716431950685656e-06,1.516395966838478739e-06,1.500045164190023764e-06,1.078273947197483565e-06,1.520330635630070894e-06,1.634882970754073053e-06,1.439802995415554073e-06,1.258329429140038699e-06,1.462434701269548284e-06,2.228626472444627531e-06,2.059295649139620798e-06,1.473968189876712457e-06,1.160376465135265451e-06,1.769907141427754765e-06,1.237737873357309710e-06,1.450827419719810488e-06,1.074777141675026018e-06,7.974535548190151738e-07,1.496863064376308649e-06,4.672671365018719594e-07,1.792928300324652034e-06,2.843160577854156790e-07,1.649690665834542786e-06,1.124619415861122986e-07,2.477784282642861391e-08,6.367583784311329787e-07,1.023763943919036690e-06,0.000000000000000000e+00,3.429379521471898231e-07,8.995778972889967432e-07,0.000000000000000000e+00,1.384711682046634117e-06,0.000000000000000000e+00,2.536591830665977642e-07,1.858990939035972606e-06,8.789401429885085127e-07,1.926954015307439594e-06,4.249663193097689097e-07,1.049384525550557380e-06,1.064992392367632103e-06,1.605645035381988272e-06,6.951157764323354335e-07,nan,9.075426174929718016e-07,1.226443788486820162e-06,nan,nan,nan,nan,nan,nan,nan,nan,nan
1.227822869192763917e-06,2.008118176527205759e-06,2.391336046372301025e-06,1.800167761255811557e-06,2.345095056045852078e-06,2.216080452599428780e-06,1.395696757514887637e-06,2.034524508148609102e-06,2.325008959643036253e-06,2.001004069446636054e-06,1.639641968995268506e-06,2.025095439606307845e-06,2.059295649139620798e-06,6.611840089940281961e-06,2.123929753751352044e-06,1.505412966198707197e-06,2.384340402366236721e-06,1.713624603520412155e-06,1.809634713419235816e-06,1.371701239284484355e-06,1.014570025153882590e-06,1.957105264718867868e-06,6.182000612896820649e-07,2.264612134263386231e-06,3.770083954358990500e-07,2.228685727004850896e-06,7.059967925907488407e-08,4.870847808311605620e-08,7.226858540637723860e-07,1.357742342496117579e-06,0.000000000000000000e+00,4.522151340326345246e-07,1.257465731749760658e-06,0.000000000000000000e+00,1.845598075994306210e-06,0.000000000000000000e+00,4.571209842095863144e-07,2.455680869621350765e-06,1.182092152017867727e-06,2.537162722974620372e-06,5.419482105598825552e-07,1.385598266622418632e-06,1.441925437668998652e-06,2.122079208192359428e-06,9.380854540758040800e-07,nan,1.167489254517149429e-06,1.643703456107827583e-06,nan,nan,nan,nan,nan,nan,nan,nan,nan
8.515173897403974242e-07,1.281385030996941300e-06,1.765201245621194290e-06,1.277050580013040393e-06,1.514225830034099999e-06,1.573891637423363296e-06,1.037170870139838994e-06,1.422547030599805698e-06,1.560354791919802112e-06,1.287137585392187899e-06,1.196699411640685977e-06,1.491353432355973093e-06,1.473968189876712457e-06,2.123929753751352044e-06,2.545191487545921559e-06,1.119308278458902316e-06,1.678345552737276061e-06,1.252100530116320559e-06,1.324133017087512451e-06,1.022386549684036875e-06,8.633811968941714326e-07,1.423469931246209702e-06,4.961297930328004772e-07,1.607321438494727272e-06,3.250030208908447289e-07,1.591453112671225422e-06,1.391587566909930908e-07,2.611012175366193367e-08,7.486921521299788341e-07,1.062212753274766226e-06,0.000000000000000000e+00,3.802494120218854964e-07,8.953181281376269041e-07,0.000000000000000000e+00,1.321941765292060336e-06,0.000000000000000000e+00,1.148504499926961711e-07,1.633762295163880176e-06,8.822377739401034573e-07,1.583573340255218681e-06,4.819043299298460094e-07,1.036159569470902998e-06,1.065666341504855143e-06,1.529175398587190365e-06,6.870266404204657978e-07,nan,9.758412745852748296e-07,1.183757593428292268e-06,nan,nan,nan,nan,nan,nan,nan,nan,nan
6.293672380358903906e-07,9.635665727765062817e-07,1.291162005441100609e-06,9.887443213853179372e-07,1.027751600531794715e-06,1.061018714183396187e-06,9.139991996227780211e-07,1.185696441233720362e-06,1.142525593101145318e-06,1.139802632666735308e-06,1.087866180825056598e-06,1.126974160724653668e-06,1.160376465135265451e-06,1.505412966198707197e-06,1.119308278458902316e-06,3.124971595593832484e-06,1.331525211868198982e-06,1.013511811776582549e-06,1.479944124908087698e-06,9.246360118790927031e-07,8.066007400505670934e-07,1.182024660292975735e-06,4.368895464099231143e-07,1.432962181525137357e-06,3.065846969854453549e-07,1.295155806418090266e-06,8.127138569565228492e-08,3.962933194553631451e-08,7.562144797800387440e-07,1.018294603901517352e-06,0.000000000000000000e+00,2.883689952679073508e-07,8.080849305295639501e-07,0.000000000000000000e+00,1.112212854067539609e-06,0.000000000000000000e+00,5.009600670789976133e-08,1.423123060630079206e-06,9.127946158835689939e-07,1.673998387816239018e-06,5.324201363733264522e-07,8.318209589489917069e-07,9.962435319359446489e-07,1.227676654021971748e-06,6.376145780186022068e-07,nan,8.460362295269470876e-07,9.808880136403861664e-07,nan,nan,nan,nan,nan,nan,nan,nan,nan
9.790535547089451331e-07,1.540906598178091582e-06,2.001078864214149177e-06,1.605246698062528916e-06,1.695782642624697238e-06,1.715089672780626956e-06,1.237188438596208043e-06,1.786877793456307036e-06,1.918113685862750797e-06,1.710335670471075220e-06,1.460335880715839134e-06,1.711997620806506788e-06,1.769907141427754765e-06,2.384340402366236721e-06,1.678345552737276061e-06,1.331525211868198982e-06,3.867460862367079873e-06,1.439006271409583091e-06,1.690267530306511889e-06,1.265342757738904078e-06,9.613535631651324843e-07,1.801104444211552012e-06,4.986569064482871510e-07,2.101799787125020060e-06,3.497294848602098979e-07,1.930772846981151904e-06,1.265016379662012022e-07,6.100377515305178541e-08,6.759546945623830207e-07,1.211944648344035307e-06,0.000000000000000000e+00,4.127869470748919751e-07,1.032063290845471721e-06,0.000000000000000000e+00,1.648828952879824754e-06,0.000000000000000000e+00,2.163283559007718084e-07,2.215038284687490410e-06,1.023895899662550763e-06,2.234857731026024733e-06,4.962920775254657523e-07,1.204202719443226784e-06,1.239894802246049276e-06,1.895159196600621831e-06,8.297173032115228194e-07,nan,1.101775193802702938e-06,1.463215898616289200e-06,nan,nan,nan,nan,nan,nan,nan,nan,nan
6.843856069490317530e-07,1.036098467895877914e-06,1.403824012317534522e-06,1.085902403709372290e-06,1.365147954685715266e-06,1.293707152085710523e-06,8.972642862961513176e-07,1.226469273633945352e-06,1.345318733236988743e-06,1.128311885260438364e-06,1.059092236260147271e-06,1.311308455594152864e-06,1.237737873357309710e-06,1.713624603520412155e-06,1.252100530116320559e-06,1.013511811776582549e-06,1.439006271409583091e-06,2.050289055137721930e-06,1.177183687245017135e-06,9.357122051239795877e-07,7.160909841624452736e-07,1.213609461914435200e-06,3.901689866647787011e-07,1.436852496579488916e-06,2.392314925811373056e-07,1.341597360403021613e-06,6.574319540816834359e-08,4.158695003478328658e-08,5.610928671253885911e-07,8.992701237902148783e-07,0.000000000000000000e+00,3.326041223275216184e-07,7.270222137094669502e-07,0.000000000000000000e+00,1.146462097048725776e-06,0.000000000000000000e+00,1.780807096498005527e-07,1.490199184345315581e-06,7.534786734256062082e-07,1.474755396057960168e-06,3.756977586485843799e-07,8.670688973081905725e-07,8.999691047277146026e-07,1.290408060981075040e-06,5.937691262829764048e-07,nan,8.350772009025391666e-07,9.649054253702975556e-07,nan,nan,nan,nan,nan,nan,nan,nan,nan
7.779618606075134538e-07,1.218327177709651676e-06,1.558147422489674013e-06,1.258303123439571438e-06,1.391453225564042821e-06,1.301989085285989971e-06,1.168950804306819050e-06,1.527319659824579614e-06,1.490281679588164092e-06,1.487912007652565421e-06,1.345662488214445627e-06,1.372109176208530192e-06,1.450827419719810488e-06,1.809634713419235816e-06,1.324133017087512451e-06,1.479944124908087698e-06,1.690267530306511889e-06,1.177183687245017135e-06,4.185804190293004756e-06,1.132244632541721033e-06,9.171906305229386384e-07,1.549492517844642632e-06,4.930543908906902175e-07,1.868698915277071444e-06,3.143091439535149164e-07,1.691232272505790869e-06,8.130039679335555676e-08,2.785646233130913514e-08,7.561978006945450156e-07,1.151844942944489491e-06,0.000000000000000000e+00,4.174128725702061349e-07,9.573805066372304530e-07,0.000000000000000000e+00,1.454321069342536394e-06,0.000000000000000000e+00,-1.228124920948395125e-07,1.966392746382827211e-06,1.102997317936120668e-06,2.161562105737742245e-06,5.264930083346853797e-07,1.045236487454020959e-06,1.198406104235153443e-06,1.649841735461567896e-06,7.384261073846233034e-07,nan,1.084837176295292565e-06,1.327488199604197564e-06,nan,nan,nan,nan,nan,nan,nan,nan,nan
5.243079512901880282e-07,8.737140561299302507e-07,1.099562690010041785e-06,9.164121960309746286e-07,1.008585099732289222e-06,9.615474125439161320e-07,8.037871506784111449e-07,1.115299636250177419e-06,1.100352740520191907e-06,1.054096212020175073e-06,1.075322389298721952e-06,1.076418404926024944e-06,1.074777141675026018e-06,1.371701239284484355e-06,1.022386549684036875e-06,9.246360118790927031e-07,1.265342757738904078e-06,9.357122051239795877e-07,1.132244632541721033e-06,2.264766053078695183e-06,7.112793346383950408e-07,1.159266522002850015e-06,3.514940963953241085e-07,1.301553952789154333e-06,2.506410060327598689e-07,1.200136423901939787e-06,9.641834756520680663e-08,3.117094616978851957e-08,5.091765797236727517e-07,8.669093918025477161e-07,0.000000000000000000e+00,2.152749733010951806e-07,6.500461105790022866e-07,0.000000000000000000e+00,1.030118791071349368e-06,0.000000000000000000e+00,8.869494374264596290e-08,1.363052389137938366e-06,7.815384039537818886e-07,1.439714906747913179e-06,4.161242968177596105e-07,7.881491699586062212e-07,8.507860516997145209e-07,1.188374032926104698e-06,5.365169735734803951e-07,nan,7.602246603453364217e-07,8.419816119407002265e-07,nan,nan,nan,nan,nan,nan,nan,nan,nan
4.070131941598995268e-07,6.482703405750590157e-07,8.778140231190584535e-07,6.835134137700194974e-07,7.064395981167766100e-07,7.442342635668453474e-07,6.222962826214593051e-07,8.526853335938362229e-07,8.087820802642780859e-07,7.296429581901337478e-07,7.892129481093926749e-07,7.896472420897197227e-07,7.974535548190151738e-07,1.014570025153882590e-06,8.633811968941714326e-07,8.066007400505670934e-07,9.613535631651324843e-07,7.160909841624452736e-07,9.171906305229386384e-07,7.112793346383950408e-07,1.878869288660022366e-06,8.398632859278103595e-07,3.240192446207711468e-07,9.876445531762584710e-07,2.505292695086463050e-07,8.793938505342542042e-07,1.027225667310907334e-07,4.040672030036284869e-08,5.587942455218698460e-07,7.708328555155826630e-07,0.000000000000000000e+00,2.659013680462965492e-07,5.627510549711437535e-07,0.000000000000000000e+00,7.708829447698672567e-07,0.000000000000000000e+00,1.071384160947920691e-07,9.672612783798679899e-07,6.501880934604755304e-07,9.941113433379416884e-07,4.359291121192328787e-07,5.848749499791191342e-07,7.142748824268466141e-07,8.368599914275132097e-07,3.745194459101758584e-07,nan,7.423379252039167291e-07,6.316991832449392963e-07,nan,nan,nan,nan,nan,nan,nan,nan,nan
8.017684168426390533e-07,1.280398266208473139e-06,1.649985858370254436e-06,1.387340506788658417e-06,1.456323517860443603e-06,1.400651869702914092e-06,1.092111588153729274e-06,1.629581445970522898e-06,1.608963071793833930e-06,1.489561774869804934e-06,1.391339464183790828e-06,1.431535230755327947e-06,1.496863064376308649e-06,1.957105264718867868e-06,1.423469931246209702e-06,1.182024660292975735e-06,1.801104444211552012e-06,1.213609461914435200e-06,1.549492517844642632e-06,1.159266522002850015e-06,8.398632859278103595e-07,3.343249807816363543e-06,4.325624340573359697e-07,1.961186481375707334e-06,3.312032237966239977e-07,1.734530502812086673e-06,1.132967695261766099e-07,2.745622835503416527e-08,6.280466910265087726e-07,1.139477944808269851e-06,0.000000000000000000e+00,3.211896172017577620e-07,9.203868622169375228e-07,0.000000000000000000e+00,1.467823485938157294e-06,0.000000000000000000e+00,1.207724820253637060e-07,1.985082510346453983e-06,9.087304862199174152e-07,2.098305560513279666e-06,4.401113324587608820e-07,1.076008600448175100e-06,1.105276024899146105e-06,1.718002577646452616e-06,7.530212128521535840e-07,nan,9.560289791451753266e-07,1.218017519987532787e-06,nan,nan,nan,nan,nan,nan,nan,nan,nan
3.564300506220190076e-07,4.073634815374831063e-07,5.445197642203369326e-07,3.834630110484424868e-07,5.123936514313733462e-07,4.668510576179002624e-07,3.526986188506069411e-07,4.647842796914795495e-07,4.597605592165305247e-07,4.183835866579026165e-07,3.864512813716983969e-07,4.455231725439918759e-07,4.672671365018719594e-07,6.182000612896820649e-07,4.961297930328004772e-07,4.368895464099231143e-07,4.986569064482871510e-07,3.901689866647787011e-07,4.930543908906902175e-07,3.514940963953241085e-07,3.240192446207711468e-07,4.325624340573359697e-07,7.945152550255662498e-07,5.127187881347503940e-07,1.326710112261660795e-07,4.915721826086677921e-07,3.732917790570236981e-08,2.848634416790979860e-09,2.949221551893196775e-07,3.909548853076095197e-07,0.000000000000000000e+00,1.676952652661589565e-07,3.265864526050279138e-07,0.000000000000000000e+00,4.185896224800679369e-07,0.000000000000000000e+00,-2.269657207204921946e-09,5.155827692042276384e-07,3.478178354624456663e-07,5.130476998176050334e-07,2.187620118370168858e-07,3.461065444070507657e-07,3.501635685599090335e-07,4.720264116699590979e-07,3.095736397627168035e-07,nan,3.864925334423557490e-07,3.438333710447746132e-07,nan,nan,nan,nan,nan,nan,nan,nan,nan
9.792080545646824287e-07,1.512364730958194881e-06,2.021366888980180162e-06,1.661243045232028635e-06,1.701734673316685756e-06,1.691592566872417214e-06,1.315565702569666126e-06,1.887426370576960590e-06,1.906045903303486200e-06,1.847514019538800859e-06,1.567619873715451269e-06,1.723140118902655604e-06,1.792928300324652034e-06,2.264612134263386231e-06,1.607321438494727272e-06,1.432962181525137357e-06,2.101799787125020060e-06,1.436852496579488916e-06,1.868698915277071444e-06,1.301553952789154333e-06,9.876445531762584710e-07,1.961186481375707334e-06,5.127187881347503940e-07,4.748395491566124619e-06,2.735574922257820091e-07,2.054253108532488652e-06,1.023660176851907330e-07,1.380726485542350899e-08,6.675409321992872648e-07,1.304730945996199576e-06,0.000000000000000000e+00,3.450450908659921511e-07,9.992903628107122667e-07,0.000000000000000000e+00,1.748552925136381933e-06,0.000000000000000000e+00,3.092628977061197304e-07,2.476470709597377474e-06,1.101604008116847452e-06,2.628846573819905018e-06,4.582690036417671881e-07,1.275208277117082762e-06,1.288411588403093792e-06,2.103127035492288089e-06,8.844801211091710641e-07,nan,1.057395357193674955e-06,1.528078105252530079e-06,nan,nan,nan,nan,nan,nan,nan,nan,nan
1.724163229496161317e-07,2.297552315518671371e-07,2.627705294729973621e-07,2.208746082991518190e-07,1.734399573113014688e-07,2.681230969483639246e-07,2.358382441505302044e-07,2.707743205474796753e-07,2.952062772018290541e-07,2.628162719385671849e-07,2.689552681813107720e-07,2.724121620660679840e-07,2.843160577854156790e-07,3.770083954358990500e-07,3.250030208908447289e-07,3.065846969854453549e-07,3.497294848602098979e-07,2.392314925811373056e-07,3.143091439535149164e-07,2.506410060327598689e-07,2.505292695086463050e-07,3.312032237966239977e-07,1.326710112261660795e-07,2.735574922257820091e-07,3.291923208518019618e-06,2.785383612017387255e-07,5.248494221998342090e-08,2.204615020324920440e-08,2.395002436136185416e-07,2.631071342018123341e-07,0.000000000000000000e+00,1.373459118575828080e-07,1.998800889397918582e-07,0.000000000000000000e+00,2.763112576318519274e-07,0.000000000000000000e+00,3.745950714924718308e-07,3.797827206923377817e-07,3.158978304554417074e-07,4.416319563461009109e-07,2.255634589041289368e-07,2.096757477470538498e-07,2.386430461954387273e-07,2.929438874432791746e-07,1.122135878827163928e-07,nan,3.027934188960788394e-07,2.549875048214308279e-07,nan,nan,nan,nan,nan,nan,nan,nan,nan
9.540774118399053861e-07,1.489160789054393523e-06,1.881081453933519706e-06,1.500893598389131982e-06,1.687248935664014828e-06,1.634652516119995675e-06,1.215563763792393398e-06,1.724995670959587285e-06,1.781245996685364612e-06,1.656262435689690782e-06,1.425513759294179189e-06,1.595253403390403048e-06,1.649690665834542786e-06,2.228685727004850896e-06,1.591453112671225422e-06,1.295155806418090266e-06,1.930772846981151904e-06,1.341597360403021613e-06,1.691232272505790869e-06,1.200136423901939787e-06,8.793938505342542042e-07,1.734530502812086673e-06,4.915721826086677921e-07,2.054253108532488652e-06,2.785383612017387255e-07,3.457774482539193359e-06,1.086166298554301043e-07,2.001707652892525474e-08,6.589143634146741510e-07,1.190187366933881319e-06,0.000000000000000000e+00,3.673276276093748407e-07,9.917549200272430446e-07,0.000000000000000000e+00,1.629142325600785122e-06,0.000000000000000000e+00,1.579428020753558064e-07,2.157733468074890808e-06,1.027519706768252343e-06,2.214896377418480916e-06,5.031908981540617634e-07,1.177255596610584131e-06,1.232026226647043462e-06,1.915622130026051287e-06,8.157322964140284640e-07,nan,9.626684580743511179e-07,1.433542898701425748e-06,nan,nan,nan,nan,nan,nan,nan,nan,nan
3.754266857111497641e-08,1.058616042185942871e-07,1.133432388325796545e-07,8.159210390641798718e-08,1.702809183276229289e-07,1.176732958600929602e-07,8.913267594053722576e-08,8.099185725115315584e-08,1.160914532719637299e-07,1.243689650162379911e-07,7.773006797810552549e-08,3.118713946213005995e-08,1.124619415861122986e-07,7.059967925907488407e-08,1.391587566909930908e-07,8.127138569565228492e-08,1.265016379662012022e-07,6.574319540816834359e-08,8.130039679335555676e-08,9.641834756520680663e-08,1.027225667310907334e-07,1.132967695261766099e-07,3.732917790570236981e-08,1.023660176851907330e-07,5.248494221998342090e-08,1.086166298554301043e-07,6.040080984485570572e-06,3.999694386481485793e-08,1.761871478316444681e-07,1.368976097534251099e-07,0.000000000000000000e+00,2.425989050308241909e-08,1.100983169845936712e-07,0.000000000000000000e+00,8.237828690685122468e-08,0.000000000000000000e+00,-3.726849417445046410e-08,1.136323148490468431e-07,1.580054342902229258e-07,1.468222432479041477e-07,1.313674379153644034e-07,7.805135460230472283e-08,6.007557868930788767e-08,1.511454669454573196e-07,-4.239847875507238711e-08,nan,1.474465403247120480e-07,4.559831375282281241e-08,nan,nan,nan,nan,nan,nan,nan,nan,nan
1.423717377454319191e-08,7.987383448388263021e-09,3.191213753401630447e-08,2.783606625998522873e-08,1.613581068210517555e-08,4.718752119352557627e-08,8.197530040940542503e-09,3.728398748888788646e-08,3.109335609176279840e-08,-4.106108639533821418e-10,2.507213004252438536e-08,2.343191319616003547e-08,2.477784282642861391e-08,4.870847808311605620e-08,2.611012175366193367e-08,3.962933194553631451e-08,6.100377515305178541e-08,4.158695003478328658e-08,2.785646233130913514e-08,3.117094616978851957e-08,4.040672030036284869e-08,2.745622835503416527e-08,2.848634416790979860e-09,1.380726485542350899e-08,2.204615020324920440e-08,2.001707652892525474e-08,3.999694386481485793e-08,1.528261940399004873e-06,2.206632725328176277e-08,-4.768153015861782374e-08,0.000000000000000000e+00,1.681127340779418071e-08,1.794224861643547588e-08,0.000000000000000000e+00,4.083616586516864942e-08,0.000000000000000000e+00,9.383301989435955079e-10,3.027978495317281396e-08,1.756684838223717553e-08,2.525663198325963218e-08,4.556746234500723508e-08,1.887634434437950577e-08,1.455385861056884740e-08,2.294641208391001341e-08,7.047659048411018042e-10,nan,2.154841234146448907e-08,1.872735403735658147e-08,nan,nan,nan,nan,nan,nan,nan,nan,nan
3.491154770004242010e-07,4.892270160775499649e-07,7.728366876474906493e-07,4.780028930917635570e-07,5.188122151544889227e-07,5.589546768217954755e-07,5.405906153638416322e-07,5.774309755519017797e-07,5.833555419996384019e-07,5.693816030038812888e-07,6.121511186250884689e-07,6.551238330100153574e-07,6.367583784311329787e-07,7.226858540637723860e-07,7.486921521299788341e-07,7.562144797800387440e-07,6.759546945623830207e-07,5.610928671253885911e-07,7.561978006945450156e-07,5.091765797236727517e-07,5.587942455218698460e-07,6.280466910265087726e-07,2.949221551893196775e-07,6.675409321992872648e-07,2.395002436136185416e-07,6.589143634146741510e-07,1.761871478316444681e-07,2.206632725328176277e-08,6.148404765336824874e-06,5.795758248035555911e-07,0.000000000000000000e+00,2.169543065356362098e-07,4.293826929511372358e-07,0.000000000000000000e+00,5.925973602333274061e-07,0.000000000000000000e+00,-2.925819777545192419e-10,6.084097351972602337e-07,5.836858394391468797e-07,7.074776397884090472e-07,6.038860835965262041e-07,4.902235750715232004e-07,6.329161554942309737e-07,7.007490688602619398e-07,3.622322820431476478e-07,nan,8.043514953564479776e-07,5.157647641408726739e-07,nan,nan,nan,nan,nan,nan,nan,nan,nan
5.518990554975594603e-07,8.700182840086634266e-07,1.091525104085562671e-06,9.164502003549754294e-07,1.087081182929688398e-06,9.556807119123220651e-07,7.883693881474565393e-07,1.100137192391598877e-06,1.082414969262044877e-06,1.081809538685000245e-06,1.039301414948935024e-06,1.019702874553095999e-06,1.023763943919036690e-06,1.357742342496117579e-06,1.062212753274766226e-06,1.018294603901517352e-06,1.211944648344035307e-06,8.992701237902148783e-07,1.151844942944489491e-06,8.669093918025477161e-07,7.708328555155826630e-07,1.139477944808269851e-06,3.909548853076095197e-07,1.304730945996199576e-06,2.631071342018123341e-07,1.190187366933881319e-06,1.368976097534251099e-07,-4.768153015861782374e-08,5.795758248035555911e-07,4.415841333001169798e-06,0.000000000000000000e+00,2.889838231142015169e-07,7.357260484239255329e-07,0.000000000000000000e+00,1.022729134571787456e-06,0.000000000000000000e+00,7.667340670404935682e-08,1.309122071251394727e-06,8.334589424028512787e-07,1.447285774502134215e-06,5.358200184401481794e-07,7.955284221451777650e-07,8.690739681520268302e-07,1.172509729930184085e-06,4.589388705059519262e-07,nan,8.579298103800011146e-07,8.528148850660344868e-07,nan,nan,nan,nan,nan,nan,nan,nan,nan
0.000000000000000000e+00,0.000000000000000000e+00,0.000000000000000000e+00,0.000000000000000000e+00,0.000000000000000000e+00,0.000000000000000000e+00,0.000000000000000000e+00,0.000000000000000000e+00,0.000000000000000000e+00,0.000000000000000000e+00,0.000000000000000000e+00,0.000000000000000000e+00,0.000000000000000000e+00,0.000000000000000000e+00,0.000000000000000000e+00,0.000000000000000000e+00,0.000000000000000000e+00,0.000000000000000000e+00,0.000000000000000000e+00,0.000000000000000000e+00,0.000000000000000000e+00,0.000000000000000000e+00,0.000000000000000000e+00,0.000000000000000000e+00,0.000000000000000000e+00,0.000000000000000000e+00,0.000000000000000000e+00,0.000000000000000000e+00,0.000000000000000000e+00,0.000000000000000000e+00,0.000000000000000000e+00,0.000000000000000000e+00,0.000000000000000000e+00,0.000000000000000000e+00,0.000000000000000000e+00,0.000000000000000000e+00,0.000000000000000000e+00,0.000000000000000000e+00,0.000000000000000000e+00,0.000000000000000000e+00,0.000000000000000000e+00,0.000000000000000000e+00,0.000000000000000000e+00,0.000000000000000000e+00,0.000000000000000000e+00,nan,0.000000000000000000e+00,0.000000000000000000e+00,nan,nan,nan,nan,nan,nan,nan,nan,nan
2.281884731454008553e-07,3.265187485204457355e-07,3.954984509838059547e-07,2.810823106152864152e-07,3.012488518996905391e-07,3.562722139078290355e-07,2.652634364439607828e-07,3.372051546313642608e-07,3.604308956373196295e-07,2.724725955546179509e-07,3.082212273710740637e-07,3.257198746157154497e-07,3.429379521471898231e-07,4.522151340326345246e-07,3.802494120218854964e-07,2.883689952679073508e-07,4.127869470748919751e-07,3.326041223275216184e-07,4.174128725702061349e-07,2.152749733010951806e-07,2.659013680462965492e-07,3.211896172017577620e-07,1.676952652661589565e-07,3.450450908659921511e-07,1.373459118575828080e-07,3.673276276093748407e-07,2.425989050308241909e-08,1.681127340779418071e-08,2.169543065356362098e-07,2.889838231142015169e-07,0.000000000000000000e+00,1.896851593518872534e-06,2.721749003535428915e-07,0.000000000000000000e+00,3.569529734302453181e-07,0.000000000000000000e+00,7.068041730673393571e-08,4.372553644432052817e-07,2.679315074209474806e-07,3.401815325208337480e-07,2.104774529486382396e-07,2.680409902223180390e-07,3.368045355817821294e-07,3.896474898900814334e-07,2.610659843084174394e-07,nan,2.871842017885380170e-07,3.239777481122410275e-07,nan,nan,nan,nan,nan,nan,nan,nan,nan
