2.582681589209657896e-06,2.674677442548915576e-06,1.571880532845758627e-06,2.200936742311813210e-06,7.518051040431983969e-07,2.379587940165456802e-06,2.081269646761529300e-06,1.511432906416718169e-06,2.501383608778848206e-06,2.276113258063979923e-06,1.691586910188742217e-06,1.356612086474302735e-06,1.869409462098315395e-06,1.044930195959080259e-06,1.378958492733748051e-06,1.235152841355229446e-07,1.823597489771156895e-06,1.638070288496654422e-06,5.931382652994266586e-07,2.019218431227846487e-06,5.127753226334646416e-07,1.307413980347775281e-06,1.817172650347153108e-06,1.052983945188986775e-07,4.951977726964807868e-07,2.360015941861053856e-06,5.400370204090431556e-08,-7.449502078526941185e-09,-5.898509987595504298e-08,1.066772600597935775e-07,0.000000000000000000e+00,1.960129420277481618e-07,1.376836463048335637e-06,5.583312778100723048e-08,2.144475915140166537e-06,0.000000000000000000e+00,0.000000000000000000e+00,2.509761041179591856e-06,nan,3.223784824580241241e-07,2.919807061088734507e-07,2.274899631088594200e-06,2.255407112141870399e-06,2.425089261933540195e-06,5.971464646501998095e-07,nan,2.866123389996453692e-07,nan,nan,nan,nan,nan,nan,nan,nan,nan,nan
2.674677442548915576e-06,3.946366140408557468e-06,2.011594091731093399e-06,2.723448758871742691e-06,8.910576518936878813e-07,3.060668529278368333e-06,2.683585412563929169e-06,1.983103007821949885e-06,3.426859385690551777e-06,2.922354132794686966e-06,2.289550755801311641e-06,1.753796804269200300e-06,2.455590984833496252e-06,1.254890742201164105e-06,1.753151281254828578e-06,1.740013397634714890e-07,2.412153100424814637e-06,2.108781371567420500e-06,7.662811498040755545e-07,2.659603669605972864e-06,6.434221132925728187e-07,1.699900076631023114e-06,1.880746555737845371e-06,1.870080435540393273e-07,4.758547458292578250e-07,2.975929597265209683e-06,6.674890261540600373e-08,-3.087202131510595442e-08,-3.408834566291080283e-08,1.414438179653825649e-07,0.000000000000000000e+00,1.438154244931908070e-07,1.777837164725643675e-06,4.886059836324827367e-08,2.822161398569489687e-06,0.000000000000000000e+00,0.000000000000000000e+00,3.316792795733641034e-06,nan,3.874083694935035361e-07,2.888771326225389900e-07,2.999932175401434958e-06,3.056208418136966393e-06,3.216883195878754953e-06,6.300419602784238178e-07,nan,3.577982679799451234e-07,nan,nan,nan,nan,nan,nan,nan,nan,nan,nan
1.571880532845758627e-06,2.011594091731093399e-06,2.559504604726646260e-06,1.841200057851695590e-06,5.491618522767013879e-07,1.883802031431977197e-06,1.790465719992113703e-06,1.253629116154896603e-06,2.142973467968412829e-06,1.800436494522478914e-06,1.442872726755681017e-06,1.203315929700619974e-06,1.634317891952424557e-06,7.498140191109499170e-07,1.210078064294160261e-06,2.833192179258920625e-08,1.573761654329888518e-06,1.404138562385521484e-06,4.341015637324752960e-07,1.710677532476823444e-06,4.711167444058481542e-07,1.113667206221436086e-06,1.165196172279255290e-06,1.056724365392872708e-07,3.073729240814080168e-07,1.888856460214002938e-06,6.661926435985282942e-08,-4.817834666325391678e-08,-5.443520926411316454e-10,1.405180585129576604e-07,0.000000000000000000e+00,2.012613620965965184e-07,1.094945741007885139e-06,1.354939081832847935e-08,1.728061613471315395e-06,0.000000000000000000e+00,0.000000000000000000e+00,2.117037171571331417e-06,nan,2.206499505540045042e-07,1.731507597338883631e-07,1.887819506098878796e-06,1.868565771767770378e-06,1.987207272946405922e-06,4.707394469925241378e-07,nan,2.618108554071397974e-07,nan,nan,nan,nan,nan,nan,nan,nan,nan,nan
2.200936742311813210e-06,2.723448758871742691e-06,1.841200057851695590e-06,4.731447888050571461e-06,9.361094826572469665e-07,2.443959410393070886e-06,2.964891685030307679e-06,1.832236935821649752e-06,3.021854421135937744e-06,2.652211646836346666e-06,2.298936819757643409e-06,1.679364771641037678e-06,2.370638875251055377e-06,1.039757229219149176e-06,1.541898342563776584e-06,9.740718931944969207e-08,2.317594295145208769e-06,2.008148280577368679e-06,7.238239096264798327e-07,2.652421540616514630e-06,6.750945480768453958e-07,1.544863764012559037e-06,1.692636229771010602e-06,1.720947272307771134e-07,3.504165347960328395e-07,2.569287271376129851e-06,6.166591074695416044e-08,1.322081512524185350e-08,-3.004086757604505621e-08,1.270164474715985743e-07,0.000000000000000000e+00,3.783256575100191266e-07,1.563836461520425069e-06,3.296815221871284379e-08,2.530826862473678834e-06,0.000000000000000000e+00,0.000000000000000000e+00,3.034950387494761132e-06,nan,2.733327309128012206e-07,1.856909688548906681e-07,2.736038316081918899e-06,2.619627294558496246e-06,2.970029582199875945e-06,5.787288700485809115e-07,nan,4.145300502154058415e-07,nan,nan,nan,nan,nan,nan,nan,nan,nan,nan
7.518051040431983969e-07,8.910576518936878813e-07,5.491618522767013879e-07,9.361094826572469665e-07,5.770151679500354206e-06,7.982152259820669397e-07,1.038526450266865892e-06,6.817144052603112497e-07,1.079293694005638041e-06,1.000030267302109287e-06,8.934222133688092589e-07,6.870401005376517631e-07,9.389473209772517093e-07,1.561723702234180913e-07,5.896760461261044392e-07,7.484959533861787014e-08,1.057311398278170356e-06,7.204063881218898446e-07,7.777638663177911901e-07,1.094070946618535956e-06,5.708604669307842439e-07,7.516748676364900239e-07,8.062086205903916400e-07,2.868827735400806339e-07,2.620872601633176928e-07,1.014667272805484787e-06,8.377685623088542209e-08,-2.062303581456097971e-08,-1.598950796883383786e-08,1.900914773263098223e-07,0.000000000000000000e+00,1.159494006141032245e-07,8.486894642790669946e-07,3.065972775902605884e-08,9.583062765174243699e-07,0.000000000000000000e+00,0.000000000000000000e+00,1.242576148041815108e-06,nan,3.099373677885585165e-07,2.638145218595464493e-07,1.016579026024721797e-06,1.001405301636840364e-06,1.122238044448997098e-06,2.760436851390826004e-07,nan,3.893132315478896607e-07,nan,nan,nan,nan,nan,nan,nan,nan,nan,nan
2.379587940165456802e-06,3.060668529278368333e-06,1.883802031431977197e-06,2.443959410393070886e-06,7.982152259820669397e-07,3.700148506876420685e-06,2.478778007526143662e-06,1.768717271460109116e-06,2.966514371079724891e-06,2.551172413228880596e-06,2.025376391052291294e-06,1.663686451270174215e-06,2.205567351180554756e-06,1.227539033468200987e-06,1.663598710060104002e-06,2.024040494943817211e-07,2.149576119732963456e-06,1.990683962406014134e-06,7.091719130963950968e-07,2.378769812086824865e-06,5.785607390875046920e-07,1.502405664301664232e-06,1.744010924342458148e-06,8.447113377303699125e-08,4.454290778180369175e-07,2.599107496105256874e-06,6.210051285597411915e-08,-3.715045330648314952e-08,-6.130814216154078448e-08,2.591176940243908494e-07,0.000000000000000000e+00,2.056863073188610878e-07,1.556484852857333870e-06,2.949110547968516683e-08,2.442896801980677045e-06,0.000000000000000000e+00,0.000000000000000000e+00,2.908683332489421871e-06,nan,3.548601785562849174e-07,2.644707358697543988e-07,2.599678632196781275e-06,2.703472567831991914e-06,2.817027795810295026e-06,5.690643666299160594e-07,nan,2.943945702000367686e-07,nan,nan,nan,nan,nan,nan,nan,nan,nan,nan
2.081269646761529300e-06,2.683585412563929169e-06,1.790465719992113703e-06,2.964891685030307679e-06,1.038526450266865892e-06,2.478778007526143662e-06,5.099358021294162596e-06,1.999532642934526064e-06,3.124285509694000928e-06,2.578187006381705047e-06,2.461004312658198174e-06,1.785001274732924293e-06,2.553559853172950946e-06,1.009424912085856927e-06,1.583068342115724468e-06,2.241358691555940404e-07,2.588985605582227885e-06,2.092943662761695750e-06,9.709869149670906200e-07,2.859746244265199188e-06,8.246732582989540302e-07,1.755784167412417210e-06,1.749161977938264906e-06,2.874989824690669012e-07,4.097681612049445403e-07,2.619109198275974936e-06,9.888495963701590434e-08,-2.977631685711553733e-08,-7.180559923059237418e-08,2.868088308549834661e-07,0.000000000000000000e+00,1.884753387590636594e-07,1.698965939116189797e-06,-2.498122109753710843e-09,2.487644532093963782e-06,0.000000000000000000e+00,0.000000000000000000e+00,3.244272178640290084e-06,nan,3.863602603111235827e-07,2.487292881287951605e-07,2.967413524212662119e-06,2.742053870037035380e-06,3.050747693237346222e-06,5.404414839088727782e-07,nan,4.245172931960572301e-07,nan,nan,nan,nan,nan,nan,nan,nan,nan,nan
1.511432906416718169e-06,1.983103007821949885e-06,1.253629116154896603e-06,1.832236935821649752e-06,6.817144052603112497e-07,1.768717271460109116e-06,1.999532642934526064e-06,6.270954977845470405e-06,2.551241565958996018e-06,2.172211396141472689e-06,2.143890163919325857e-06,1.364404244916192504e-06,2.067163639336640336e-06,7.964509210102134908e-07,1.186813441534372929e-06,1.791367572566407557e-07,2.246617496799736909e-06,1.589403354754547188e-06,9.478766237770180182e-07,2.224763200125848117e-06,8.488579793899653596e-07,1.542731141087172033e-06,1.187953203985869765e-06,2.566180049678656813e-07,2.802071772358734460e-07,2.134884067522917907e-06,1.272699785630658601e-08,-4.500804269416330818e-08,3.424390287872692231e-08,1.854236050088057840e-07,0.000000000000000000e+00,2.211336905967664094e-07,1.295613037102579182e-06,-4.387842090079923454e-09,2.089221722344191060e-06,0.000000000000000000e+00,0.000000000000000000e+00,2.799170644517531252e-06,nan,4.381385428976549015e-07,2.829067853437780834e-07,2.250050035919792206e-06,2.271229860994250938e-06,2.586330001281632528e-06,3.885439561888668678e-07,nan,4.000716011941954777e-07,nan,nan,nan,nan,nan,nan,nan,nan,nan,nan
2.501383608778848206e-06,3.426859385690551777e-06,2.142973467968412829e-06,3.021854421135937744e-06,1.079293694005638041e-06,2.966514371079724891e-06,3.124285509694000928e-06,2.551241565958996018e-06,8.097782966411639418e-06,3.526314752458573641e-06,3.083411483671148495e-06,2.086733851788283952e-06,3.500197961576860861e-06,1.259870135942362249e-06,2.003986143193309037e-06,2.749228594193848298e-07,3.451031261442199771e-06,2.488498557237967271e-06,8.231347801184570957e-07,3.556076910937479997e-06,8.936880282556511639e-07,2.131785762107549347e-06,1.820811118874388395e-06,2.457421517685043073e-07,4.699707287366217917e-07,3.222472058213371971e-06,9.860394349028013239e-08,3.699604529598274649e-08,4.400601746376657855e-08,3.533202456785368971e-07,0.000000000000000000e+00,1.261888931250721454e-07,1.867564294359103417e-06,-3.105760949577369983e-09,3.105949059350331097e-06,0.000000000000000000e+00,0.000000000000000000e+00,4.738046111661453402e-06,nan,4.231053208488279675e-07,1.361162800733209282e-07,3.828279854660674078e-06,3.639786690923299444e-06,4.001954666205981105e-06,7.078009738535914780e-07,nan,5.556661257216026914e-07,nan,nan,nan,nan,nan,nan,nan,nan,nan,nan
2.276113258063979923e-06,2.922354132794686966e-06,1.800436494522478914e-06,2.652211646836346666e-06,1.000030267302109287e-06,2.551172413228880596e-06,2.578187006381705047e-06,2.172211396141472689e-06,3.526314752458573641e-06,7.049936280781838875e-06,2.578085161334273289e-06,1.834039913837693329e-06,2.589882566915823079e-06,1.181316430593770427e-06,1.638366722385058471e-06,1.933023211128143785e-07,2.739493322747217640e-06,2.144924696809386787e-06,8.260186550206041019e-07,2.991972761223034449e-06,8.295179329296260662e-07,1.890651647416880815e-06,1.735776921330716176e-06,2.395217141196099862e-07,4.670413049683978370e-07,3.023682661320730771e-06,8.333093912838004302e-08,-4.145014732428768995e-08,-1.022043407282781297e-07,2.479644372167518730e-07,0.000000000000000000e+00,2.522675938883721508e-07,1.677693510323667605e-06,4.278053170832344437e-08,2.877555584860493586e-06,0.000000000000000000e+00,0.000000000000000000e+00,3.667863213556614074e-06,nan,3.949706061742835110e-07,2.745270109769167316e-07,3.111295931392057594e-06,3.089476353392827947e-06,3.378922749354525849e-06,6.585304679708748895e-07,nan,4.340836136405667177e-07,nan,nan,nan,nan,nan,nan,nan,nan,nan,nan
1.691586910188742217e-06,2.289550755801311641e-06,1.442872726755681017e-06,2.298936819757643409e-06,8.934222133688092589e-07,2.025376391052291294e-06,2.461004312658198174e-06,2.143890163919325857e-06,3.083411483671148495e-06,2.578085161334273289e-06,5.632335324911291487e-06,1.585216476145853493e-06,2.604644689881359617e-06,9.709441346452081820e-07,1.372150644260939797e-06,2.191331958909320710e-07,2.625808479725497980e-06,1.850148522803797969e-06,7.776445496417715637e-07,2.969329527865506053e-06,8.148979584752388751e-07,1.771532458203331852e-06,1.301070307570748050e-06,1.743029783383768200e-07,3.282750305495465019e-07,2.382084172772894482e-06,-7.478462432252021253e-09,-1.102719245961541814e-08,4.705051397409406592e-08,1.925501491590861000e-07,0.000000000000000000e+00,1.340611187919925376e-07,1.373699621879379521e-06,3.267515424968139332e-08,2.398603289720628703e-06,0.000000000000000000e+00,0.000000000000000000e+00,3.237231015634005498e-06,nan,2.784053225062681918e-07,2.803516990342510094e-07,2.693527727056763932e-06,2.705903359444839058e-06,3.066989558039226997e-06,4.503744258960112906e-07,nan,4.102098345290862648e-07,nan,nan,nan,nan,nan,nan,nan,nan,nan,nan
1.356612086474302735e-06,1.753796804269200300e-06,1.203315929700619974e-06,1.679364771641037678e-06,6.870401005376517631e-07,1.663686451270174215e-06,1.785001274732924293e-06,1.364404244916192504e-06,2.086733851788283952e-06,1.834039913837693329e-06,1.585216476145853493e-06,2.941680654316041603e-06,1.704264370405152441e-06,7.103941636114851655e-07,1.136945965779023667e-06,1.142078042190649578e-07,1.770299631216733128e-06,1.979906799026826467e-06,7.616277179771976665e-07,1.872310541098794818e-06,5.775982025245949532e-07,1.261630795571453452e-06,1.194895419903225316e-06,1.415405349001125187e-07,3.108332615074492416e-07,1.878022225298802415e-06,1.376042709271890408e-08,-3.615128010229648056e-08,6.581688548936432467e-09,2.192571856997112847e-07,0.000000000000000000e+00,1.404880325966879829e-07,1.238697508289460547e-06,-1.539935191671463594e-08,1.741909903835554834e-06,0.000000000000000000e+00,0.000000000000000000e+00,2.189288691811881611e-06,nan,2.447196621942350592e-07,2.280329371677784045e-07,1.929007585312458133e-06,1.933983497904520852e-06,2.136041471512286529e-06,4.359847152840523611e-07,nan,3.212908393118912556e-07,nan,nan,nan,nan,nan,nan,nan,nan,nan,nan
1.869409462098315395e-06,2.455590984833496252e-06,1.634317891952424557e-06,2.370638875251055377e-06,9.389473209772517093e-07,2.205567351180554756e-06,2.553559853172950946e-06,2.067163639336640336e-06,3.500197961576860861e-06,2.589882566915823079e-06,2.604644689881359617e-06,1.704264370405152441e-06,5.427938438214238392e-06,9.511397497493781697e-07,1.526145113054278452e-06,1.499634067509022463e-07,2.836679641031019652e-06,1.990283180575310071e-06,8.930253530203120894e-07,3.029972403887134612e-06,7.595967969859755965e-07,1.889261071298659144e-06,1.459929146561753147e-06,1.573279004789486379e-07,2.884873835340300210e-07,2.608737535530985477e-06,9.235638656281058577e-08,-6.396509656164389148e-08,2.494233390846354477e-08,3.070613003859065718e-07,0.000000000000000000e+00,1.564673922132906915e-07,1.558760546953443193e-06,1.484229426763111668e-09,2.568025287244331475e-06,0.000000000000000000e+00,0.000000000000000000e+00,3.405237100611274806e-06,nan,3.242310282449763898e-07,3.523308397390571098e-07,2.833568669388790687e-06,2.813235433075428827e-06,3.191482737657346924e-06,6.080202342814259187e-07,nan,4.609674274311033095e-07,nan,nan,nan,nan,nan,nan,nan,nan,nan,nan
1.044930195959080259e-06,1.254890742201164105e-06,7.498140191109499170e-07,1.039757229219149176e-06,1.561723702234180913e-07,1.227539033468200987e-06,1.009424912085856927e-06,7.964509210102134908e-07,1.259870135942362249e-06,1.181316430593770427e-06,9.709441346452081820e-07,7.103941636114851655e-07,9.511397497493781697e-07,6.393001745531987839e-06,7.266635473602151329e-07,1.643966801286943117e-07,1.003580112590243977e-06,8.414349507833073177e-07,3.102490078774383727e-07,1.028343403752195927e-06,3.307292060028169430e-07,6.374949088972966126e-07,7.753075864547669107e-07,-1.993919319651970320e-08,2.588143904784924746e-07,1.146239512907025646e-06,-8.090720130646201472e-10,-3.280202914743472436e-08,-1.358186194849246164e-07,6.125677572962855092e-08,0.000000000000000000e+00,1.949050978452792814e-09,6.246087401927501438e-07,3.199762237918240355e-08,1.121749892273061957e-06,0.000000000000000000e+00,0.000000000000000000e+00,1.341215525467063769e-06,nan,6.419637313175353083e-08,2.157361257435426707e-07,1.127240031254887071e-06,1.220741487185262046e-06,1.211707970096487942e-06,3.317211696907294419e-07,nan,3.295492716907305651e-08,nan,nan,nan,nan,nan,nan,nan,nan,nan,nan
1.378958492733748051e-06,1.753151281254828578e-06,1.210078064294160261e-06,1.541898342563776584e-06,5.896760461261044392e-07,1.663598710060104002e-06,1.583068342115724468e-06,1.186813441534372929e-06,2.003986143193309037e-06,1.638366722385058471e-06,1.372150644260939797e-06,1.136945965779023667e-06,1.526145113054278452e-06,7.266635473602151329e-07,1.767632551698729809e-06,1.639390956379518874e-07,1.512948072994620655e-06,1.293271995117293016e-06,4.854809935543294155e-07,1.578150244603996449e-06,4.650951306354278299e-07,1.053670388347507035e-06,1.124093177970522820e-06,1.240367477036744701e-07,2.871043787517065583e-07,1.648648003543769680e-06,4.792225480174147896e-08,-1.292197596175088108e-08,-2.907538136813474934e-08,1.406925655824976607e-07,0.000000000000000000e+00,1.248230303519522035e-07,1.099158778569634916e-06,2.034869434666227340e-08,1.494205194391372864e-06,0.000000000000000000e+00,0.000000000000000000e+00,1.901069131115067348e-06,nan,2.578520073329274354e-07,1.729503658047310605e-07,1.698837182753249597e-06,1.671476526519335786e-06,1.870830501340333122e-06,4.053433864770967100e-07,nan,2.108107564389531288e-07,nan,nan,nan,nan,nan,nan,nan,nan,nan,nan
1.235152841355229446e-07,1.740013397634714890e-07,2.833192179258920625e-08,9.740718931944969207e-08,7.484959533861787014e-08,2.024040494943817211e-07,2.241358691555940404e-07,1.791367572566407557e-07,2.749228594193848298e-07,1.933023211128143785e-07,2.191331958909320710e-07,1.142078042190649578e-07,1.499634067509022463e-07,1.643966801286943117e-07,1.639390956379518874e-07,7.125721979920210264e-06,1.826586866991074778e-07,2.977018171667397583e-07,5.881310744914151553e-07,2.444863167819663821e-07,1.670253880350639410e-07,2.169005658348578030e-07,1.985623995265050057e-07,5.896285192103026711e-08,5.865078053492172390e-08,1.085185766032999754e-07,-1.414506152469819036e-08,5.649337475083159234e-08,7.166394066045437259e-08,8.223441405990537287e-08,0.000000000000000000e+00,2.433020933552275495e-07,2.449266266399264566e-07,1.150103260656155431e-08,2.220879790538204997e-07,0.000000000000000000e+00,0.000000000000000000e+00,2.695563963199539265e-07,nan,1.209799186520757503e-07,3.316990051207421803e-08,1.087047262206442129e-07,2.676301141855394022e-07,1.821641486259386306e-07,1.291825413915791248e-07,nan,1.314183488179429616e-07,nan,nan,nan,nan,nan,nan,nan,nan,nan,nan
1.823597489771156895e-06,2.412153100424814637e-06,1.573761654329888518e-06,2.317594295145208769e-06,1.057311398278170356e-06,2.149576119732963456e-06,2.588985605582227885e-06,2.246617496799736909e-06,3.451031261442199771e-06,2.739493322747217640e-06,2.625808479725497980e-06,1.770299631216733128e-06,2.836679641031019652e-06,1.003580112590243977e-06,1.512948072994620655e-06,1.826586866991074778e-07,7.008286256613137930e-06,2.050671136575480984e-06,8.447229154785958985e-07,3.078325968624318335e-06,8.343258210576155667e-07,1.881301097489127381e-06,1.476390516687540527e-06,4.589695930571046244e-07,3.840910304532473542e-07,2.601669350019730362e-06,3.919065699398654570e-08,-8.457976130671306567e-08,3.594412287088178189e-08,2.622180233377025102e-07,0.000000000000000000e+00,1.682170546785052214e-07,1.582524987663325897e-06,-1.409148145519904922e-08,2.514153321380997511e-06,0.000000000000000000e+00,0.000000000000000000e+00,3.532317522490381545e-06,nan,3.925352705627328376e-07,4.078454523647720474e-07,2.818144976036451063e-06,2.861607664737737013e-06,3.206472284255236827e-06,5.694866688962065279e-07,nan,4.865715758343082272e-07,nan,nan,nan,nan,nan,nan,nan,nan,nan,nan
1.638070288496654422e-06,2.108781371567420500e-06,1.404138562385521484e-06,2.008148280577368679e-06,7.204063881218898446e-07,1.990683962406014134e-06,2.092943662761695750e-06,1.589403354754547188e-06,2.488498557237967271e-06,2.144924696809386787e-06,1.850148522803797969e-06,1.979906799026826467e-06,1.990283180575310071e-06,8.414349507833073177e-07,1.293271995117293016e-06,2.977018171667397583e-07,2.050671136575480984e-06,5.722288791551540354e-06,7.053715404105262146e-07,2.231174613594677736e-06,6.336947514985120107e-07,1.425593869601801505e-06,1.386633499031104807e-06,1.480203450327760512e-07,2.791222443928952942e-07,2.189152943969283750e-06,1.171974164286434325e-07,-5.308211871809753546e-08,5.897582195988171647e-09,1.291284472950134197e-07,0.000000000000000000e+00,1.449444340323588193e-07,1.268596897783316255e-06,-1.977972258719054575e-08,2.187934826875015701e-06,0.000000000000000000e+00,0.000000000000000000e+00,2.637854188746668885e-06,nan,3.398298672370051526e-07,1.709191686362655511e-07,2.240033760896319474e-06,2.310682621608886796e-06,2.671304000189795787e-06,5.002071470579982294e-07,nan,3.815929619531678285e-07,nan,nan,nan,nan,nan,nan,nan,nan,nan,nan
5.931382652994266586e-07,7.662811498040755545e-07,4.341015637324752960e-07,7.238239096264798327e-07,7.777638663177911901e-07,7.091719130963950968e-07,9.709869149670906200e-07,9.478766237770180182e-07,8.231347801184570957e-07,8.260186550206041019e-07,7.776445496417715637e-07,7.616277179771976665e-07,8.930253530203120894e-07,3.102490078774383727e-07,4.854809935543294155e-07,5.881310744914151553e-07,8.447229154785958985e-07,7.053715404105262146e-07,2.269598061495934298e-05,7.091124179392240739e-07,6.599661473374909065e-07,8.517106970423248419e-07,7.152671654199569878e-07,1.521425016270655096e-07,7.737059594881202754e-08,1.162972274923700368e-06,1.085655948930182506e-07,2.576576683123677748e-08,1.564641598038779802e-07,1.263332124651805670e-07,0.000000000000000000e+00,1.940935147966538112e-07,6.995987525058097118e-07,4.473745679082053078e-08,8.927334657929427965e-07,0.000000000000000000e+00,0.000000000000000000e+00,9.577492379913154227e-07,nan,3.440520181111512915e-07,4.838265662163611686e-07,6.861310036321455614e-07,1.157569588731272709e-06,1.327654933428761627e-06,1.939037455309275191e-07,nan,3.727332452387583072e-07,nan,nan,nan,nan,nan,nan,nan,nan,nan,nan
2.019218431227846487e-06,2.659603669605972864e-06,1.710677532476823444e-06,2.652421540616514630e-06,1.094070946618535956e-06,2.378769812086824865e-06,2.859746244265199188e-06,2.224763200125848117e-06,3.556076910937479997e-06,2.991972761223034449e-06,2.969329527865506053e-06,1.872310541098794818e-06,3.029972403887134612e-06,1.028343403752195927e-06,1.578150244603996449e-06,2.444863167819663821e-07,3.078325968624318335e-06,2.231174613594677736e-06,7.091124179392240739e-07,9.513929140999450508e-06,9.651301996936649741e-07,2.125103537747381437e-06,1.712001210867947911e-06,1.534970862783753488e-07,3.341505560265402054e-07,2.873988766526317096e-06,2.172385998104441665e-08,-4.386082640966996211e-08,8.517482380147168016e-08,-1.117121150529213860e-08,0.000000000000000000e+00,1.871957470054149621e-07,1.529327337961865917e-06,-8.322256778607616275e-09,2.700542534697130292e-06,0.000000000000000000e+00,0.000000000000000000e+00,3.797504269645345282e-06,nan,4.445528261475824956e-07,1.259584330367279882e-07,3.669483532629874195e-06,3.226348430566943349e-06,3.639208373024993416e-06,5.708875243968881568e-07,nan,7.457950451176135357e-07,nan,nan,nan,nan,nan,nan,nan,nan,nan,nan
5.127753226334646416e-07,6.434221132925728187e-07,4.711167444058481542e-07,6.750945480768453958e-07,5.708604669307842439e-07,5.785607390875046920e-07,8.246732582989540302e-07,8.488579793899653596e-07,8.936880282556511639e-07,8.295179329296260662e-07,8.148979584752388751e-07,5.775982025245949532e-07,7.595967969859755965e-07,3.307292060028169430e-07,4.650951306354278299e-07,1.670253880350639410e-07,8.343258210576155667e-07,6.336947514985120107e-07,6.599661473374909065e-07,9.651301996936649741e-07,3.087112295496809679e-06,6.723316083806648606e-07,5.425229230548922138e-07,2.856967224767048401e-07,2.095483179178754245e-07,9.091651712522312580e-07,2.767802289859375369e-08,5.997814825690907858e-09,6.867866546588224742e-08,2.331241037187451421e-07,0.000000000000000000e+00,1.956488045430751055e-07,7.081552313085167905e-07,-1.727411715266308133e-08,6.708883007980795465e-07,0.000000000000000000e+00,0.000000000000000000e+00,1.025283292064553979e-06,nan,3.249815814191713601e-07,4.781135169649986238e-07,9.269752293940524433e-07,8.741209967281226055e-07,1.008725366742854756e-06,2.731980563471288457e-07,nan,4.892395884237485009e-07,nan,nan,nan,nan,nan,nan,nan,nan,nan,nan
1.307413980347775281e-06,1.699900076631023114e-06,1.113667206221436086e-06,1.544863764012559037e-06,7.516748676364900239e-07,1.502405664301664232e-06,1.755784167412417210e-06,1.542731141087172033e-06,2.131785762107549347e-06,1.890651647416880815e-06,1.771532458203331852e-06,1.261630795571453452e-06,1.889261071298659144e-06,6.374949088972966126e-07,1.053670388347507035e-06,2.169005658348578030e-07,1.881301097489127381e-06,1.425593869601801505e-06,8.517106970423248419e-07,2.125103537747381437e-06,6.723316083806648606e-07,4.771000905349585678e-06,1.069419655217754935e-06,2.061828036847975645e-07,2.239991406032737242e-07,1.925762484574551042e-06,4.595408647037957402e-08,-2.801774648182757325e-08,9.588782461468834383e-08,1.071380889685706256e-07,0.000000000000000000e+00,2.793894577893960656e-07,1.112491778325552212e-06,1.634433279217865743e-08,1.861627098726019609e-06,0.000000000000000000e+00,0.000000000000000000e+00,2.413134819992936510e-06,nan,2.718145244829596539e-07,3.454989615525325681e-07,2.064934786345489174e-06,1.946176909184776940e-06,2.305407155603592077e-06,4.343941534878017126e-07,nan,5.217919337244304205e-07,nan,nan,nan,nan,nan,nan,nan,nan,nan,nan
1.817172650347153108e-06,1.880746555737845371e-06,1.165196172279255290e-06,1.692636229771010602e-06,8.062086205903916400e-07,1.744010924342458148e-06,1.749161977938264906e-06,1.187953203985869765e-06,1.820811118874388395e-06,1.735776921330716176e-06,1.301070307570748050e-06,1.194895419903225316e-06,1.459929146561753147e-06,7.753075864547669107e-07,1.124093177970522820e-06,1.985623995265050057e-07,1.476390516687540527e-06,1.386633499031104807e-06,7.152671654199569878e-07,1.712001210867947911e-06,5.425229230548922138e-07,1.069419655217754935e-06,4.854048522040255311e-06,1.739176922411152908e-07,5.122620504056935579e-07,1.833672697238865274e-06,3.925247536440853817e-08,-8.159705951919465676e-08,-4.645137033227939529e-10,1.925890304475029987e-07,0.000000000000000000e+00,2.326886280888060846e-07,1.385129866062502567e-06,4.777952973378418604e-08,1.610564066105558274e-06,0.000000000000000000e+00,0.000000000000000000e+00,1.952649150316081718e-06,nan,3.402688201059564333e-07,2.915830832301053223e-07,1.774732145300287748e-06,1.711322426479932745e-06,1.979115278623054116e-06,4.950113254237766441e-07,nan,2.552725740148228140e-07,nan,nan,nan,nan,nan,nan,nan,nan,nan,nan
1.052983945188986775e-07,1.870080435540393273e-07,1.056724365392872708e-07,1.720947272307771134e-07,2.868827735400806339e-07,8.447113377303699125e-08,2.874989824690669012e-07,2.566180049678656813e-07,2.457421517685043073e-07,2.395217141196099862e-07,1.743029783383768200e-07,1.415405349001125187e-07,1.573279004789486379e-07,-1.993919319651970320e-08,1.240367477036744701e-07,5.896285192103026711e-08,4.589695930571046244e-07,1.480203450327760512e-07,1.521425016270655096e-07,1.534970862783753488e-07,2.856967224767048401e-07,2.061828036847975645e-07,1.739176922411152908e-07,9.382205741700007620e-06,7.062822245751282935e-08,3.076919750108558806e-07,5.410545137233714013e-09,2.545935519366396254e-08,7.271917403276829021e-08,1.074111453535386131e-07,0.000000000000000000e+00,-1.541867730515120175e-07,9.309816963287090557e-08,1.809881085204175197e-08,1.277758438878135123e-07,0.000000000000000000e+00,0.000000000000000000e+00,2.341848164311393167e-07,nan,1.433349014495201379e-07,2.862032871840401101e-07,3.221102938181343217e-07,1.379314088394832802e-07,3.375193822949003462e-07,4.368285954198373862e-08,nan,1.122556389180894889e-07,nan,nan,nan,nan,nan,nan,nan,nan,nan,nan
4.951977726964807868e-07,4.758547458292578250e-07,3.073729240814080168e-07,3.504165347960328395e-07,2.620872601633176928e-07,4.454290778180369175e-07,4.097681612049445403e-07,2.802071772358734460e-07,4.699707287366217917e-07,4.670413049683978370e-07,3.282750305495465019e-07,3.108332615074492416e-07,2.884873835340300210e-07,2.588143904784924746e-07,2.871043787517065583e-07,5.865078053492172390e-08,3.840910304532473542e-07,2.791222443928952942e-07,7.737059594881202754e-08,3.341505560265402054e-07,2.095483179178754245e-07,2.239991406032737242e-07,5.122620504056935579e-07,7.062822245751282935e-08,4.964672912280247707e-06,5.102821452640613958e-07,1.061798451957122188e-08,3.395888309342922861e-08,-4.830905879962684713e-08,8.152493600447225775e-08,0.000000000000000000e+00,-1.271447471599396993e-07,3.004932571620097373e-07,-3.890312460495435463e-09,3.837798985569676924e-07,0.000000000000000000e+00,0.000000000000000000e+00,5.361594113976630021e-07,nan,1.203340368307351555e-07,1.104929059875607375e-07,3.052118626879977428e-07,4.100813182130629256e-07,4.997075893692419458e-07,1.437749670183046878e-07,nan,1.287988531276130675e-07,nan,nan,nan,nan,nan,nan,nan,nan,nan,nan
2.360015941861053856e-06,2.975929597265209683e-06,1.888856460214002938e-06,2.569287271376129851e-06,1.014667272805484787e-06,2.599107496105256874e-06,2.619109198275974936e-06,2.134884067522917907e-06,3.222472058213371971e-06,3.023682661320730771e-06,2.382084172772894482e-06,1.878022225298802415e-06,2.608737535530985477e-06,1.146239512907025646e-06,1.648648003543769680e-06,1.085185766032999754e-07,2.601669350019730362e-06,2.189152943969283750e-06,1.162972274923700368e-06,2.873988766526317096e-06,9.091651712522312580e-07,1.925762484574551042e-06,1.833672697238865274e-06,3.076919750108558806e-07,5.102821452640613958e-07,9.259789615344749154e-06,5.827936627519113743e-08,-3.259797016183731990e-08,-1.382204798947405230e-08,1.765442761578590334e-07,0.000000000000000000e+00,2.725069607647971985e-07,1.816013369283116910e-06,3.843374534979153325e-08,2.834111389178414594e-06,0.000000000000000000e+00,0.000000000000000000e+00,3.372565043693537073e-06,nan,3.602421661750337179e-07,4.510337193286337756e-07,3.089397017120259721e-06,3.046996300426384453e-06,3.495050466267085471e-06,7.275061022653054652e-07,nan,5.394589214345255111e-07,nan,nan,nan,nan,nan,nan,nan,nan,nan,nan
5.400370204090431556e-08,6.674890261540600373e-08,6.661926435985282942e-08,6.166591074695416044e-08,8.377685623088542209e-08,6.210051285597411915e-08,9.888495963701590434e-08,1.272699785630658601e-08,9.860394349028013239e-08,8.333093912838004302e-08,-7.478462432252021253e-09,1.376042709271890408e-08,9.235638656281058577e-08,-8.090720130646201472e-10,4.792225480174147896e-08,-1.414506152469819036e-08,3.919065699398654570e-08,1.171974164286434325e-07,1.085655948930182506e-07,2.172385998104441665e-08,2.767802289859375369e-08,4.595408647037957402e-08,3.925247536440853817e-08,5.410545137233714013e-09,1.061798451957122188e-08,5.827936627519113743e-08,4.140679816844293284e-06,-9.339988866665806855e-08,-4.021345336145255108e-09,1.411010641474096016e-07,0.000000000000000000e+00,-1.943710545910341577e-09,9.428289599900389376e-08,-1.889887599724333081e-08,9.052917788078336849e-08,0.000000000000000000e+00,0.000000000000000000e+00,-4.852990134046184582e-08,nan,5.288406779150822740e-08,-4.753647155517074925e-08,-1.059783669966467180e-08,1.440321436486420201e-07,1.263304723414729767e-08,9.522886030549865209e-08,nan,3.769090917598799964e-08,nan,nan,nan,nan,nan,nan,nan,nan,nan,nan
-7.449502078526941185e-09,-3.087202131510595442e-08,-4.817834666325391678e-08,1.322081512524185350e-08,-2.062303581456097971e-08,-3.715045330648314952e-08,-2.977631685711553733e-08,-4.500804269416330818e-08,3.699604529598274649e-08,-4.145014732428768995e-08,-1.102719245961541814e-08,-3.615128010229648056e-08,-6.396509656164389148e-08,-3.280202914743472436e-08,-1.292197596175088108e-08,5.649337475083159234e-08,-8.457976130671306567e-08,-5.308211871809753546e-08,2.576576683123677748e-08,-4.386082640966996211e-08,5.997814825690907858e-09,-2.801774648182757325e-08,-8.159705951919465676e-08,2.545935519366396254e-08,3.395888309342922861e-08,-3.259797016183731990e-08,-9.339988866665806855e-08,1.653584277657321037e-06,-5.484858993631392443e-10,4.575123975987232784e-08,0.000000000000000000e+00,-9.435224298489208688e-08,-3.793442692588238823e-08,8.563441892737071882e-08,-2.525431764503267970e-08,0.000000000000000000e+00,0.000000000000000000e+00,-2.149842288310138414e-08,nan,8.101140463572361773e-08,4.857161625832966645e-08,-6.954361788759573141e-08,-2.896854523108427958e-08,-8.441092273506596042e-08,2.682550560323843462e-08,nan,-2.717825939198554321e-08,nan,nan,nan,nan,nan,nan,nan,nan,nan,nan
-5.898509987595504298e-08,-3.408834566291080283e-08,-5.443520926411316454e-10,-3.004086757604505621e-08,-1.598950796883383786e-08,-6.130814216154078448e-08,-7.180559923059237418e-08,3.424390287872692231e-08,4.400601746376657855e-08,-1.022043407282781297e-07,4.705051397409406592e-08,6.581688548936432467e-09,2.494233390846354477e-08,-1.358186194849246164e-07,-2.907538136813474934e-08,7.166394066045437259e-08,3.594412287088178189e-08,5.897582195988171647e-09,1.564641598038779802e-07,8.517482380147168016e-08,6.867866546588224742e-08,9.588782461468834383e-08,-4.645137033227939529e-10,7.271917403276829021e-08,-4.830905879962684713e-08,-1.382204798947405230e-08,-4.021345336145255108e-09,-5.484858993631392443e-10,5.838176268564725501e-06,7.811970461923955520e-08,0.000000000000000000e+00,1.910521170001342779e-08,6.718604955430799167e-08,-3.656113967732789144e-09,-1.037588315057693337e-07,0.000000000000000000e+00,0.000000000000000000e+00,-4.525105353685560943e-08,nan,4.460422668406754655e-08,4.338521008927132536e-08,8.021183292250026412e-08,-9.463244388403762193e-08,-5.288073984345650452e-08,-3.761025591334581253e-09,nan,3.807749179322998862e-08,nan,nan,nan,nan,nan,nan,nan,nan,nan,nan
1.066772600597935775e-07,1.414438179653825649e-07,1.405180585129576604e-07,1.270164474715985743e-07,1.900914773263098223e-07,2.591176940243908494e-07,2.868088308549834661e-07,1.854236050088057840e-07,3.533202456785368971e-07,2.479644372167518730e-07,1.925501491590861000e-07,2.192571856997112847e-07,3.070613003859065718e-07,6.125677572962855092e-08,1.406925655824976607e-07,8.223441405990537287e-08,2.622180233377025102e-07,1.291284472950134197e-07,1.263332124651805670e-07,-1.117121150529213860e-08,2.331241037187451421e-07,1.071380889685706256e-07,1.925890304475029987e-07,1.074111453535386131e-07,8.152493600447225775e-08,1.765442761578590334e-07,1.411010641474096016e-07,4.575123975987232784e-08,7.811970461923955520e-08,1.898487850711028557e-05,0.000000000000000000e+00,2.532268615203043282e-07,1.478064171222115787e-07,-2.603890383475776360e-08,2.539749797791699904e-07,0.000000000000000000e+00,0.000000000000000000e+00,2.066150278263542719e-07,nan,4.484155146518045391e-08,7.444449945873152266e-08,2.149804679813041170e-07,2.098645223471255566e-07,2.069115451924456580e-07,1.417675485429355766e-07,nan,8.594877045040030380e-08,nan,nan,nan,nan,nan,nan,nan,nan,nan,nan
0.000000000000000000e+00,0.000000000000000000e+00,0.000000000000000000e+00,0.000000000000000000e+00,0.000000000000000000e+00,0.000000000000000000e+00,0.000000000000000000e+00,0.000000000000000000e+00,0.000000000000000000e+00,0.000000000000000000e+00,0.000000000000000000e+00,0.000000000000000000e+00,0.000000000000000000e+00,0.000000000000000000e+00,0.000000000000000000e+00,0.000000000000000000e+00,0.000000000000000000e+00,0.000000000000000000e+00,0.000000000000000000e+00,0.000000000000000000e+00,0.000000000000000000e+00,0.000000000000000000e+00,0.000000000000000000e+00,0.000000000000000000e+00,0.000000000000000000e+00,0.000000000000000000e+00,0.000000000000000000e+00,0.000000000000000000e+00,0.000000000000000000e+00,0.000000000000000000e+00,0.000000000000000000e+00,0.000000000000000000e+00,0.000000000000000000e+00,0.000000000000000000e+00,0.000000000000000000e+00,0.000000000000000000e+00,0.000000000000000000e+00,0.000000000000000000e+00,nan,0.000000000000000000e+00,0.000000000000000000e+00,0.000000000000000000e+00,0.000000000000000000e+00,0.000000000000000000e+00,0.000000000000000000e+00,nan,0.000000000000000000e+00,nan,nan,nan,nan,nan,nan,nan,nan,nan,nan
1.960129420277481618e-07,1.438154244931908070e-07,2.012613620965965184e-07,3.783256575100191266e-07,1.159494006141032245e-07,2.056863073188610878e-07,1.884753387590636594e-07,2.211336905967664094e-07,1.261888931250721454e-07,2.522675938883721508e-07,1.340611187919925376e-07,1.404880325966879829e-07,1.564673922132906915e-07,1.949050978452792814e-09,1.248230303519522035e-07,2.433020933552275495e-07,1.682170546785052214e-07,1.449444340323588193e-07,1.940935147966538112e-07,1.871957470054149621e-07,1.956488045430751055e-07,2.793894577893960656e-07,2.326886280888060846e-07,-1.541867730515120175e-07,-1.271447471599396993e-07,2.725069607647971985e-07,-1.943710545910341577e-09,-9.435224298489208688e-08,1.910521170001342779e-08,2.532268615203043282e-07,0.000000000000000000e+00,1.853865688408244843e-05,2.673698832158734310e-07,-2.008199350112053890e-08,8.841972754930215932e-08,0.000000000000000000e+00,0.000000000000000000e+00,1.161621770878745447e-07,nan,1.163779155072215741e-07,3.856777580068662773e-07,6.825141194976601538e-08,2.140929277327893884e-07,3.092677226586967177e-07,1.035455513407547690e-07,nan,2.515143718893451354e-07,nan,nan,nan,nan,nan,nan,nan,nan,nan,nan
1.376836463048335637e-06,1.777837164725643675e-06,1.094945741007885139e-06,1.563836461520425069e-06,8.486894642790669946e-07,1.556484852857333870e-06,1.698965939116189797e-06,1.295613037102579182e-06,1.867564294359103417e-06,1.677693510323667605e-06,1.373699621879379521e-06,1.238697508289460547e-06,1.558760546953443193e-06,6.246087401927501438e-07,1.099158778569634916e-06,2.449266266399264566e-07,1.582524987663325897e-06,1.268596897783316255e-06,6.995987525058097118e-07,1.529327337961865917e-06,7.081552313085167905e-07,1.112491778325552212e-06,1.385129866062502567e-06,9.309816963287090557e-08,3.004932571620097373e-07,1.816013369283116910e-06,9.428289599900389376e-08,-3.793442692588238823e-08,6.718604955430799167e-08,1.478064171222115787e-07,0.000000000000000000e+00,2.673698832158734310e-07,6.359730429120906773e-06,-8.024803049303396443e-09,1.509466165336116955e-06,0.000000000000000000e+00,0.000000000000000000e+00,2.054227869163698796e-06,nan,3.296758039176894647e-07,4.026077287929842980e-07,1.874583274533252040e-06,1.674236393107858615e-06,2.049739990411927421e-06,4.622418780817896321e-07,nan,3.598543363123750459e-07,nan,nan,nan,nan,nan,nan,nan,nan,nan,nan
