4.803695944348826126e-07,4.617830711237546562e-07,9.693121506959421807e-07,6.814481403248408213e-07,3.480522967510448580e-07,7.272901518770842615e-07,4.140195149558195408e-07,5.896609319174253983e-07,4.960695707960131316e-07,3.733603494740199113e-07,5.456503429607185220e-07,6.008076028962038198e-07,6.015590802456280065e-07,6.268212922182924860e-07,7.786986401076209305e-07,4.081971140042768569e-07,7.289059740820216817e-07,4.872087101971688476e-07,6.315770937517328845e-07,6.021870456742735322e-07,2.844973390376940997e-07,5.572669710218359639e-07,2.800517595774047821e-07,5.376348116119448942e-07,1.276552480162981714e-07,nan,nan,1.272195450431585960e-08,1.892226936466359347e-07,1.648481058281828430e-07,0.000000000000000000e+00,1.461326023907167518e-07,nan,0.000000000000000000e+00,4.723882267200380721e-07,0.000000000000000000e+00,-2.342048903491548653e-08,6.281709721506470579e-07,2.836711343146827281e-07,4.531198142405545882e-07,6.955170858825535494e-08,4.776753383321721256e-07,4.416262916143049376e-07,6.323500260183292201e-07,2.453734644716801421e-07,nan,2.224843081437945113e-07,5.330839360483135850e-07,nan,nan,nan,nan,nan,nan,nan,nan,nan
4.617830711237546562e-07,7.304762891988164190e-07,1.200386866401711706e-06,8.556105936118805111e-07,4.080707413586919985e-07,9.276053673511452456e-07,5.095328237528787836e-07,7.887483302379075690e-07,6.961858923536067845e-07,4.993534701560778071e-07,7.107650116486586374e-07,7.369544808750842864e-07,8.028101852949033710e-07,8.367242340646065882e-07,9.960409828442854695e-07,5.292646440485756725e-07,9.445898905338057629e-07,6.492398712578067238e-07,8.156803875181865767e-07,7.671665307518164573e-07,4.062474771199431819e-07,7.469044360990478994e-07,2.675679791149718921e-07,6.977372079316289660e-07,1.311651272457233392e-07,nan,nan,2.372826250766600064e-08,2.627122528368488231e-07,2.268823643855537042e-07,0.000000000000000000e+00,1.539394318437750084e-07,nan,0.000000000000000000e+00,6.111240472443966913e-07,0.000000000000000000e+00,-8.541505544652365057e-08,8.261986418810911562e-07,3.742935904511797207e-07,5.624804271389014972e-07,7.102096291585254014e-08,5.887849107430299859e-07,5.740172957754062354e-07,8.206052683276554003e-07,2.297727816617438566e-07,nan,2.846468423018754786e-07,6.914905417254586892e-07,nan,nan,nan,nan,nan,nan,nan,nan,nan
9.693121506959421807e-07,1.200386866401711706e-06,1.040586207657984640e-05,5.050103177360716737e-06,1.268325804963402358e-06,2.221742069211775894e-06,1.414852325067282537e-06,2.169724187719861032e-06,1.759354829695199944e-06,1.373626851629653123e-06,1.987378311604726904e-06,2.039545176929121550e-06,2.389764244643350610e-06,2.522816182583866430e-06,2.972759193272815584e-06,1.445413234235597240e-06,3.077682995059170783e-06,1.761398559515998863e-06,1.989284517106216459e-06,2.089059937442120576e-06,1.174254292312092176e-06,2.075005378463694065e-06,5.632560683439329172e-07,1.852509592278281146e-06,3.333697587164899721e-07,nan,nan,2.896728227720266036e-08,6.300833895029735636e-07,6.202279155238507518e-07,0.000000000000000000e+00,3.604284025080668580e-07,nan,0.000000000000000000e+00,1.532214750546900857e-06,0.000000000000000000e+00,1.679201303673353252e-07,2.188210300883451719e-06,6.440013943639979803e-07,1.477578156330473300e-06,9.510193846183453714e-08,1.477727679082885333e-06,1.430027805951710370e-06,2.162320976016815188e-06,5.152506504894274823e-07,nan,7.024989920133752792e-07,2.062040334927212558e-06,nan,nan,nan,nan,nan,nan,nan,nan,nan
6.814481403248408213e-07,8.556105936118805111e-07,5.050103177360716737e-06,5.661094846070590919e-06,9.376580264030274144e-07,1.622646846691814618e-06,9.993232500253336583e-07,1.673155540929107901e-06,1.249369463042297789e-06,1.016451354784718071e-06,1.486486623824504145e-06,1.512159976686397571e-06,1.770944715579477426e-06,1.821898420478658386e-06,2.092335855997364361e-06,1.098169417241802544e-06,2.265881971235299944e-06,1.304691776409623653e-06,1.476111208319783037e-06,1.584160261402932686e-06,8.586780359017357933e-07,1.556730238915443623e-06,3.897676276711616932e-07,1.380317986798344184e-06,2.736574627089424182e-07,nan,nan,3.655633579011703571e-08,5.224726441316701616e-07,4.150048221455808420e-07,0.000000000000000000e+00,3.090926513244711691e-07,nan,0.000000000000000000e+00,1.147137631885340882e-06,0.000000000000000000e+00,-2.198930883066909605e-07,1.627352473375905117e-06,4.451712240692974082e-07,1.022475341439913941e-06,8.794932159546016698e-08,1.065969518458878201e-06,1.067467269295026137e-06,1.619960703865600139e-06,4.229171360830054352e-07,nan,4.989697631381659111e-07,1.491276297256529551e-06,nan,nan,nan,nan,nan,nan,nan,nan,nan
3.480522967510448580e-07,4.080707413586919985e-07,1.268325804963402358e-06,9.376580264030274144e-07,6.609352259137408566e-06,7.737813043843081157e-07,5.352011135688290939e-07,9.052180071490288019e-07,6.606353916699441146e-07,5.353803355223091205e-07,7.523633639100899627e-07,8.611690545928349560e-07,8.828210925312781267e-07,7.106031907630521202e-07,9.401888428745695499e-07,5.345127326827560395e-07,1.137833750429287272e-06,6.832141058826187101e-07,9.271897576311837513e-07,9.060533625759883432e-07,5.349629351020973014e-07,8.130607000684350219e-07,2.672797394802823467e-07,6.830951431623390847e-07,2.640566425228567542e-07,nan,nan,1.321697380511295069e-08,3.261561516088484117e-07,2.949898675243237875e-07,0.000000000000000000e+00,1.812187255086161646e-07,nan,0.000000000000000000e+00,6.066752784131406911e-07,0.000000000000000000e+00,-1.027008886774035004e-07,7.896446559641193905e-07,7.239079271443641921e-07,6.485944691834484616e-07,8.226544333173383110e-08,5.193153437276744793e-07,5.223725651027997024e-07,8.245785842692707560e-07,2.608455138606682575e-07,nan,3.931883556975368242e-07,7.416069300893911611e-07,nan,nan,nan,nan,nan,nan,nan,nan,nan
7.272901518770842615e-07,9.276053673511452456e-07,2.221742069211775894e-06,1.622646846691814618e-06,7.737813043843081157e-07,2.589869885437985804e-06,9.241682438746343385e-07,1.374987165739978669e-06,1.217583105640396522e-06,8.666345008678215615e-07,1.295909733372362248e-06,1.429255309795149008e-06,1.481863965856934967e-06,1.528419497374831719e-06,1.871892219724454010e-06,9.047657506451133784e-07,1.795995517361184569e-06,1.195091595521821534e-06,1.316118981704500296e-06,1.413038525143679183e-06,7.282352225566445828e-07,1.337933263486946531e-06,4.192823817176941274e-07,1.242132142033176858e-06,2.225005226880832722e-07,nan,nan,2.525904124402615338e-08,4.416981446809911253e-07,3.814181379332290865e-07,0.000000000000000000e+00,2.474076136799015280e-07,nan,0.000000000000000000e+00,1.042052416049198340e-06,0.000000000000000000e+00,-1.011288452461760694e-07,1.448825845445597828e-06,6.461177886314918491e-07,8.803130911190522959e-07,1.523327229960749744e-07,1.001398958138092297e-06,9.885792446717979631e-07,1.491277360469101513e-06,4.303866271003584469e-07,nan,5.312387651441700942e-07,1.272061966198334837e-06,nan,nan,nan,nan,nan,nan,nan,nan,nan
4.140195149558195408e-07,5.095328237528787836e-07,1.414852325067282537e-06,9.993232500253336583e-07,5.352011135688290939e-07,9.241682438746343385e-07,1.737022366996793116e-06,9.133075112187581578e-07,7.991272667697695846e-07,5.751149000915430392e-07,8.618272475833455569e-07,9.297713707122500870e-07,9.501263086938935722e-07,8.954628488670037150e-07,1.089406490047211008e-06,6.308233611407756013e-07,1.134782384081320212e-06,7.613944361101352093e-07,8.028075721797884676e-07,9.965688404391981871e-07,5.493884569345312743e-07,9.045617670125935789e-07,2.821127597045470557e-07,8.541552927743319388e-07,1.343850477041755537e-07,nan,nan,2.783864976779668370e-08,3.803489015831261988e-07,3.185585756699908661e-07,0.000000000000000000e+00,1.774484235572049685e-07,nan,0.000000000000000000e+00,6.607221593227463401e-07,0.000000000000000000e+00,-2.403423952880469599e-08,9.872421493583054764e-07,5.522121220321819723e-07,6.883362135017514099e-07,1.134338861362410725e-07,6.950195508209671971e-07,6.984511623698021347e-07,9.069372138374202303e-07,2.491916797531467822e-07,nan,3.974206668589093567e-07,8.080624488844986807e-07,nan,nan,nan,nan,nan,nan,nan,nan,nan
5.896609319174253983e-07,7.887483302379075690e-07,2.169724187719861032e-06,1.673155540929107901e-06,9.052180071490288019e-07,1.374987165739978669e-06,9.133075112187581578e-07,5.590411237893193573e-06,1.165527860858302669e-06,1.092985835765695260e-06,1.550054214431367119e-06,1.438846999558158306e-06,1.670935055799152042e-06,1.503560776839998664e-06,1.718464717690602858e-06,1.110400391043839281e-06,2.254553007683719785e-06,1.242601568124512725e-06,1.674593949262520280e-06,1.570162318700842595e-06,1.242764723185005150e-06,1.758185333085073667e-06,3.433253628629551567e-07,1.579714977254475912e-06,3.092671055110976120e-07,nan,nan,2.121652160569741528e-08,4.991704160350291163e-07,4.450647123708878643e-07,0.000000000000000000e+00,3.125542140436775347e-07,nan,0.000000000000000000e+00,1.223803529247217395e-06,0.000000000000000000e+00,-1.431082221539593006e-07,1.669370802738291939e-06,7.348916725599504148e-07,1.131428474493825963e-06,1.483562294227821940e-07,1.018156119416876169e-06,1.029107745773318483e-06,1.673838137025961907e-06,3.697924048343345105e-07,nan,5.764777578819839627e-07,1.375561844201260623e-06,nan,nan,nan,nan,nan,nan,nan,nan,nan
4.960695707960131316e-07,6.961858923536067845e-07,1.759354829695199944e-06,1.249369463042297789e-06,6.606353916699441146e-07,1.217583105640396522e-06,7.991272667697695846e-07,1.165527860858302669e-06,1.596223246762770432e-06,7.066767137010678491e-07,1.085388997468615282e-06,1.110190331220257313e-06,1.185229545494030507e-06,1.211199913121527359e-06,1.394041300506650228e-06,7.799925490849378371e-07,1.535998513914078142e-06,9.558168633306387760e-07,1.085023213717718564e-06,1.196725912539768454e-06,6.773677162783522415e-07,1.126611906264218938e-06,3.197768101036928645e-07,1.088370856240043399e-06,2.257743547490199932e-07,nan,nan,2.111087968515359621e-08,4.759198906090849421e-07,3.786170979648731661e-07,0.000000000000000000e+00,2.258892767491789505e-07,nan,0.000000000000000000e+00,8.972490778910189491e-07,0.000000000000000000e+00,-1.777617266580218456e-07,1.253052140112566385e-06,4.632333061275706011e-07,8.296517133945201414e-07,1.465684533264104143e-07,8.566374096803234673e-07,8.283475527510490694e-07,1.218726366174034362e-06,3.149934438309054260e-07,nan,4.487648323006566290e-07,1.026268534287435992e-06,nan,nan,nan,nan,nan,nan,nan,nan,nan
3.733603494740199113e-07,4.993534701560778071e-07,1.373626851629653123e-06,1.016451354784718071e-06,5.353803355223091205e-07,8.666345008678215615e-07,5.751149000915430392e-07,1.092985835765695260e-06,7.066767137010678491e-07,2.213748457796620082e-06,9.010313018550976241e-07,9.388726415384458086e-07,9.862876809099077540e-07,9.302505273841216209e-07,1.102035582797577342e-06,6.488196431182132261e-07,1.363965072934555718e-06,7.758560883132055837e-07,9.480384861577681696e-07,9.381443886209555565e-07,5.501694925187600538e-07,9.772767515901968810e-07,2.460372172698835578e-07,9.408856363917780979e-07,1.149853818461230479e-07,nan,nan,4.717266406653603319e-08,3.875228798025422569e-07,2.375365443100519419e-07,0.000000000000000000e+00,1.643611334805150986e-07,nan,0.000000000000000000e+00,7.328196073586022746e-07,0.000000000000000000e+00,3.798174749773644952e-08,1.008887488303875528e-06,6.240566954480967540e-07,7.009489443587896246e-07,1.385381679711318401e-07,6.786054042075062014e-07,6.142644794009412367e-07,1.037176003558426250e-06,2.925339755328752624e-07,nan,3.432782095722967543e-07,8.969940139627144993e-07,nan,nan,nan,nan,nan,nan,nan,nan,nan
5.456503429607185220e-07,7.107650116486586374e-07,1.987378311604726904e-06,1.486486623824504145e-06,7.523633639100899627e-07,1.295909733372362248e-06,8.618272475833455569e-07,1.550054214431367119e-06,1.085388997468615282e-06,9.010313018550976241e-07,3.145751596276500122e-06,1.304350800486088909e-06,1.438613943516284738e-06,1.373606355574090916e-06,1.583200254400492646e-06,9.043278099328395471e-07,1.904145664992080307e-06,1.144916316493897435e-06,1.297215219593368906e-06,1.467427289903572944e-06,8.259275075577474201e-07,1.394609068025732040e-06,3.203030619839434510e-07,1.356153452287020879e-06,2.217967603350058323e-07,nan,nan,4.533842443054843683e-08,4.487898346454025417e-07,3.754162483758637808e-07,0.000000000000000000e+00,2.657366882106827686e-07,nan,0.000000000000000000e+00,1.043175639924424929e-06,0.000000000000000000e+00,1.434623427773908919e-07,1.501741202859475562e-06,9.053215380671117210e-07,1.006200246873281270e-06,9.864320042325406827e-08,9.431736250738406946e-07,9.270484353097432402e-07,1.438623982423952741e-06,3.991754029663343632e-07,nan,5.033802450858277710e-07,1.203850453596439069e-06,nan,nan,nan,nan,nan,nan,nan,nan,nan
6.008076028962038198e-07,7.369544808750842864e-07,2.039545176929121550e-06,1.512159976686397571e-06,8.611690545928349560e-07,1.429255309795149008e-06,9.297713707122500870e-07,1.438846999558158306e-06,1.110190331220257313e-06,9.388726415384458086e-07,1.304350800486088909e-06,2.729207104330502934e-06,1.507700269805570053e-06,1.438297754373865904e-06,1.694747982297020405e-06,1.033569116817618384e-06,1.873058700085105014e-06,1.352281092092089608e-06,1.347781463304425364e-06,1.424649196950481965e-06,8.748478180581714713e-07,1.370460398946457429e-06,4.335462852846169782e-07,1.412472563863582410e-06,3.066580717019644317e-07,nan,nan,1.167086101473414584e-08,6.358745581033387137e-07,4.886166990699820545e-07,0.000000000000000000e+00,2.808449409807128966e-07,nan,0.000000000000000000e+00,1.048054969327071599e-06,0.000000000000000000e+00,4.621533751639208000e-08,1.469035743124353324e-06,8.318244372213378037e-07,1.094143002623671166e-06,1.927003262334605342e-07,1.027668181890430901e-06,9.415034213307607827e-07,1.496790816453542462e-06,4.551066562943111230e-07,nan,6.551613618424799453e-07,1.229393081556563994e-06,nan,nan,nan,nan,nan,nan,nan,nan,nan
6.015590802456280065e-07,8.028101852949033710e-07,2.389764244643350610e-06,1.770944715579477426e-06,8.828210925312781267e-07,1.481863965856934967e-06,9.501263086938935722e-07,1.670935055799152042e-06,1.185229545494030507e-06,9.862876809099077540e-07,1.438613943516284738e-06,1.507700269805570053e-06,3.599389374716932073e-06,1.550707544402265984e-06,1.923996490855338842e-06,1.048711477271197539e-06,2.203791699511213221e-06,1.239925898628467221e-06,1.350862871264138913e-06,1.598124599006462835e-06,9.376590829764542333e-07,1.494847974814171276e-06,3.729963751209588434e-07,1.486875462207435232e-06,2.499534315231309794e-07,nan,nan,5.086606411004830148e-08,5.627719287252958454e-07,4.237108301962839178e-07,0.000000000000000000e+00,2.613761695829313582e-07,nan,0.000000000000000000e+00,1.140734050063184210e-06,0.000000000000000000e+00,3.794892126899508119e-08,1.573616702603849662e-06,7.265351029129707696e-07,1.095089617133476757e-06,2.547062424613206746e-07,1.011284544144890709e-06,9.445008416698108912e-07,1.615115072953999276e-06,3.963375577173724718e-07,nan,5.757919603375737702e-07,1.358234537559988728e-06,nan,nan,nan,nan,nan,nan,nan,nan,nan
6.268212922182924860e-07,8.367242340646065882e-07,2.522816182583866430e-06,1.821898420478658386e-06,7.106031907630521202e-07,1.528419497374831719e-06,8.954628488670037150e-07,1.503560776839998664e-06,1.211199913121527359e-06,9.302505273841216209e-07,1.373606355574090916e-06,1.438297754373865904e-06,1.550707544402265984e-06,4.073182415916969573e-06,1.936176634261068190e-06,9.397636250602698483e-07,2.213442474412280979e-06,1.236794223996351798e-06,1.205698477435891874e-06,1.458658153958495532e-06,8.841110844675924767e-07,1.423854466838418657e-06,4.012874378639636889e-07,1.336661664909633454e-06,2.691919948551896337e-07,nan,nan,-4.822926045923501072e-08,5.425572753671775833e-07,4.622442319618885344e-07,0.000000000000000000e+00,1.943629277348061156e-07,nan,0.000000000000000000e+00,1.115766452535548690e-06,0.000000000000000000e+00,-3.434536180517141840e-07,1.543542547132659538e-06,1.115523112973232954e-06,1.003400137592456314e-06,1.558668437710993436e-07,1.011653324569317602e-06,9.703347323793704337e-07,1.564133400031789586e-06,3.074504004024008806e-07,nan,5.369130746659769966e-07,1.309906338294232206e-06,nan,nan,nan,nan,nan,nan,nan,nan,nan
7.786986401076209305e-07,9.960409828442854695e-07,2.972759193272815584e-06,2.092335855997364361e-06,9.401888428745695499e-07,1.871892219724454010e-06,1.089406490047211008e-06,1.718464717690602858e-06,1.394041300506650228e-06,1.102035582797577342e-06,1.583200254400492646e-06,1.694747982297020405e-06,1.923996490855338842e-06,1.936176634261068190e-06,3.752245981145290799e-06,1.107537995411869621e-06,2.326325639432691544e-06,1.393123439544287124e-06,1.551777762166011388e-06,1.769464022197733378e-06,9.111616112042552537e-07,1.668029528410262654e-06,4.966735705271364423e-07,1.499533927827427456e-06,2.401551112868205507e-07,nan,nan,3.275793232460993795e-08,5.792432537643866575e-07,4.474507477217970710e-07,0.000000000000000000e+00,3.060371190047923909e-07,nan,0.000000000000000000e+00,1.259648941226614510e-06,0.000000000000000000e+00,-1.295852352309566728e-07,1.770126787434795221e-06,9.131637753426812488e-07,1.197543766852555090e-06,1.966090728469936995e-07,1.210734953713023822e-06,1.073596397151378484e-06,1.753092678271282111e-06,4.670261363715075716e-07,nan,6.038286658009697628e-07,1.493118851566832575e-06,nan,nan,nan,nan,nan,nan,nan,nan,nan
4.081971140042768569e-07,5.292646440485756725e-07,1.445413234235597240e-06,1.098169417241802544e-06,5.345127326827560395e-07,9.047657506451133784e-07,6.308233611407756013e-07,1.110400391043839281e-06,7.799925490849378371e-07,6.488196431182132261e-07,9.043278099328395471e-07,1.033569116817618384e-06,1.048711477271197539e-06,9.397636250602698483e-07,1.107537995411869621e-06,4.407301142753145531e-06,1.232159663735926509e-06,8.506928275184307380e-07,1.103820481704985514e-06,9.928418337714006016e-07,8.515595679719228741e-07,1.064650269142161633e-06,3.272711403594281587e-07,1.015699847473158372e-06,3.216909704402863385e-07,nan,nan,3.720543462114448101e-08,4.886317181506719548e-07,3.770696022350005692e-07,0.000000000000000000e+00,2.140369818621025468e-07,nan,0.000000000000000000e+00,7.780894632792954680e-07,0.000000000000000000e+00,-1.600776114061259650e-07,1.124290774934311400e-06,6.878099321174739747e-07,8.798245060487423918e-07,1.651470921569183386e-07,7.506282531732899785e-07,7.186684685667222864e-07,1.020588059459495266e-06,3.794587955492233702e-07,nan,4.623051492623997897e-07,9.100751898877042654e-07,nan,nan,nan,nan,nan,nan,nan,nan,nan
7.289059740820216817e-07,9.445898905338057629e-07,3.077682995059170783e-06,2.265881971235299944e-06,1.137833750429287272e-06,1.795995517361184569e-06,1.134782384081320212e-06,2.254553007683719785e-06,1.535998513914078142e-06,1.363965072934555718e-06,1.904145664992080307e-06,1.873058700085105014e-06,2.203791699511213221e-06,2.213442474412280979e-06,2.326325639432691544e-06,1.232159663735926509e-06,6.687277812622985845e-06,1.488780832855884198e-06,1.930130999145596344e-06,1.982513964720684340e-06,1.328185140390859472e-06,2.007812354796269197e-06,4.467042736150674543e-07,1.894325227650834646e-06,3.463960921130531068e-07,nan,nan,1.880264664694176145e-08,6.978165968017230088e-07,4.478037123531337979e-07,0.000000000000000000e+00,3.530132122879541583e-07,nan,0.000000000000000000e+00,1.440691524212736124e-06,0.000000000000000000e+00,-1.738473467374584815e-07,2.083174005684521055e-06,1.140964378355259085e-06,1.466973972796070914e-06,1.297203539746382056e-07,1.283421787203700212e-06,1.203444188057222985e-06,2.089575727162105601e-06,5.428044838440650229e-07,nan,7.580062907563359792e-07,1.797906555708310901e-06,nan,nan,nan,nan,nan,nan,nan,nan,nan
4.872087101971688476e-07,6.492398712578067238e-07,1.761398559515998863e-06,1.304691776409623653e-06,6.832141058826187101e-07,1.195091595521821534e-06,7.613944361101352093e-07,1.242601568124512725e-06,9.558168633306387760e-07,7.758560883132055837e-07,1.144916316493897435e-06,1.352281092092089608e-06,1.239925898628467221e-06,1.236794223996351798e-06,1.393123439544287124e-06,8.506928275184307380e-07,1.488780832855884198e-06,2.922397686967960069e-06,1.068161639586266516e-06,1.241681325517799738e-06,8.136099817387156725e-07,1.195703442929204499e-06,3.362362340517932548e-07,1.153876119438065280e-06,2.505114163930579490e-07,nan,nan,4.861887573590808431e-08,5.121657184116009348e-07,4.260180460558930092e-07,0.000000000000000000e+00,2.364491455868186539e-07,nan,0.000000000000000000e+00,8.960795409533348276e-07,0.000000000000000000e+00,3.614849937569460551e-08,1.233753351957011519e-06,7.427428872537791537e-07,9.135211178634474588e-07,1.527724313254054297e-07,8.708479023147224028e-07,8.179498678837522319e-07,1.179810482478387085e-06,3.750419248005439077e-07,nan,5.626317143302103681e-07,1.044943720969121027e-06,nan,nan,nan,nan,nan,nan,nan,nan,nan
6.315770937517328845e-07,8.156803875181865767e-07,1.989284517106216459e-06,1.476111208319783037e-06,9.271897576311837513e-07,1.316118981704500296e-06,8.028075721797884676e-07,1.674593949262520280e-06,1.085023213717718564e-06,9.480384861577681696e-07,1.297215219593368906e-06,1.347781463304425364e-06,1.350862871264138913e-06,1.205698477435891874e-06,1.551777762166011388e-06,1.103820481704985514e-06,1.930130999145596344e-06,1.068161639586266516e-06,1.255500082517269985e-05,1.352479529869690162e-06,8.077076337644101384e-07,1.499021380917936820e-06,3.474874122864803391e-07,1.372279663153843840e-06,1.299373690486226518e-07,nan,nan,-2.257672221539126782e-09,6.592109067268566959e-07,4.177087531747748484e-07,0.000000000000000000e+00,3.388012672570583859e-07,nan,0.000000000000000000e+00,1.110805627910985627e-06,0.000000000000000000e+00,1.342622139714517043e-07,1.560617270736863717e-06,1.177312406375867950e-06,1.086147000807762691e-06,1.536384531756438402e-07,9.384834089994444009e-07,8.780044876994496040e-07,1.585560750988224273e-06,4.088773723314436633e-07,nan,4.993473872300614332e-07,1.425903520579423939e-06,nan,nan,nan,nan,nan,nan,nan,nan,nan
6.021870456742735322e-07,7.671665307518164573e-07,2.089059937442120576e-06,1.584160261402932686e-06,9.060533625759883432e-07,1.413038525143679183e-06,9.965688404391981871e-07,1.570162318700842595e-06,1.196725912539768454e-06,9.381443886209555565e-07,1.467427289903572944e-06,1.424649196950481965e-06,1.598124599006462835e-06,1.458658153958495532e-06,1.769464022197733378e-06,9.928418337714006016e-07,1.982513964720684340e-06,1.241681325517799738e-06,1.352479529869690162e-06,3.080985418289445198e-06,8.344095907546186487e-07,1.479878030357919425e-06,3.782373646050659662e-07,1.416426793625915842e-06,2.338944360808931121e-07,nan,nan,4.611633836730583468e-08,4.904023060957301792e-07,4.025405508781522363e-07,0.000000000000000000e+00,2.295996464631450731e-07,nan,0.000000000000000000e+00,1.118159932788834445e-06,0.000000000000000000e+00,-1.053186408275150807e-07,1.541512550053445850e-06,8.742594758961698541e-07,1.060229738979870280e-06,1.297585744754791464e-07,1.068250183127423642e-06,1.036798147459862361e-06,1.565735119404191965e-06,3.994377101702761084e-07,nan,5.875885348823618563e-07,1.288326577140763502e-06,nan,nan,nan,nan,nan,nan,nan,nan,nan
2.844973390376940997e-07,4.062474771199431819e-07,1.174254292312092176e-06,8.586780359017357933e-07,5.349629351020973014e-07,7.282352225566445828e-07,5.493884569345312743e-07,1.242764723185005150e-06,6.773677162783522415e-07,5.501694925187600538e-07,8.259275075577474201e-07,8.748478180581714713e-07,9.376590829764542333e-07,8.841110844675924767e-07,9.111616112042552537e-07,8.515595679719228741e-07,1.328185140390859472e-06,8.136099817387156725e-07,8.077076337644101384e-07,8.344095907546186487e-07,3.988114409351476375e-06,1.042593584986442922e-06,2.856581585082272528e-07,1.038126724952631294e-06,2.690260940265128061e-07,nan,nan,-6.101729684303287198e-09,5.744826481147774280e-07,3.712634448565190312e-07,0.000000000000000000e+00,2.396528763335163201e-07,nan,0.000000000000000000e+00,6.978509651466054405e-07,0.000000000000000000e+00,2.312894307126587459e-08,9.886692304046260880e-07,4.813771270408171353e-07,8.104613218723004630e-07,7.655516241881188551e-08,6.241140678173119153e-07,5.772297175334877872e-07,9.440550465277917088e-07,2.753162110573023343e-07,nan,6.059140672068752904e-07,8.110964033102715883e-07,nan,nan,nan,nan,nan,nan,nan,nan,nan
5.572669710218359639e-07,7.469044360990478994e-07,2.075005378463694065e-06,1.556730238915443623e-06,8.130607000684350219e-07,1.337933263486946531e-06,9.045617670125935789e-07,1.758185333085073667e-06,1.126611906264218938e-06,9.772767515901968810e-07,1.394609068025732040e-06,1.370460398946457429e-06,1.494847974814171276e-06,1.423854466838418657e-06,1.668029528410262654e-06,1.064650269142161633e-06,2.007812354796269197e-06,1.195703442929204499e-06,1.499021380917936820e-06,1.479878030357919425e-06,1.042593584986442922e-06,4.599002877598241254e-06,3.650696795048347331e-07,1.488495921566406850e-06,2.990267921063375300e-07,nan,nan,1.332466231055885473e-08,6.147712956124046929e-07,4.852861990601005370e-07,0.000000000000000000e+00,2.821166710057197838e-07,nan,0.000000000000000000e+00,1.126644469988813975e-06,0.000000000000000000e+00,-3.886184747217990781e-08,1.566486175080108024e-06,1.110459913282761364e-06,1.075217925976139197e-06,2.158013756573166501e-07,9.887487106168058340e-07,1.003123800938558582e-06,1.587110486092658355e-06,4.889641459099313442e-07,nan,6.409569945897522397e-07,1.257985356372304536e-06,nan,nan,nan,nan,nan,nan,nan,nan,nan
2.800517595774047821e-07,2.675679791149718921e-07,5.632560683439329172e-07,3.897676276711616932e-07,2.672797394802823467e-07,4.192823817176941274e-07,2.821127597045470557e-07,3.433253628629551567e-07,3.197768101036928645e-07,2.460372172698835578e-07,3.203030619839434510e-07,4.335462852846169782e-07,3.729963751209588434e-07,4.012874378639636889e-07,4.966735705271364423e-07,3.272711403594281587e-07,4.467042736150674543e-07,3.362362340517932548e-07,3.474874122864803391e-07,3.782373646050659662e-07,2.856581585082272528e-07,3.650696795048347331e-07,7.898074176923620346e-07,3.706153649159029038e-07,1.479833373047250929e-07,nan,nan,-7.419473544398568345e-09,1.940802433010388541e-07,1.552106489859937510e-07,0.000000000000000000e+00,1.472046082508995576e-07,nan,0.000000000000000000e+00,3.002616846517721437e-07,0.000000000000000000e+00,3.425313115949107070e-08,4.289545601344530973e-07,3.171147246987945540e-07,3.589861358070085983e-07,1.041412725356674474e-07,3.623117620553924663e-07,2.747673530734988468e-07,3.748631946701678112e-07,1.780403301766284494e-07,nan,2.752713289871302403e-07,3.251587792749696579e-07,nan,nan,nan,nan,nan,nan,nan,nan,nan
5.376348116119448942e-07,6.977372079316289660e-07,1.852509592278281146e-06,1.380317986798344184e-06,6.830951431623390847e-07,1.242132142033176858e-06,8.541552927743319388e-07,1.579714977254475912e-06,1.088370856240043399e-06,9.408856363917780979e-07,1.356153452287020879e-06,1.412472563863582410e-06,1.486875462207435232e-06,1.336661664909633454e-06,1.499533927827427456e-06,1.015699847473158372e-06,1.894325227650834646e-06,1.153876119438065280e-06,1.372279663153843840e-06,1.416426793625915842e-06,1.038126724952631294e-06,1.488495921566406850e-06,3.706153649159029038e-07,5.540230954515890677e-06,3.003657291290441467e-07,nan,nan,7.894525945980639225e-08,8.019490538887636768e-07,4.991703894885405169e-07,0.000000000000000000e+00,2.899252947493055464e-07,nan,0.000000000000000000e+00,1.142914236980547861e-06,0.000000000000000000e+00,1.639191415237377649e-07,1.572575713703226953e-06,1.081171881381711249e-06,1.219200147831443004e-06,1.387690578155836578e-07,9.916081511523589790e-07,9.412028182906191638e-07,1.553541374169422453e-06,3.677500688816348546e-07,nan,6.337269612401670187e-07,1.300278517538489299e-06,nan,nan,nan,nan,nan,nan,nan,nan,nan
1.276552480162981714e-07,1.311651272457233392e-07,3.333697587164899721e-07,2.736574627089424182e-07,2.640566425228567542e-07,2.225005226880832722e-07,1.343850477041755537e-07,3.092671055110976120e-07,2.257743547490199932e-07,1.149853818461230479e-07,2.217967603350058323e-07,3.066580717019644317e-07,2.499534315231309794e-07,2.691919948551896337e-07,2.401551112868205507e-07,3.216909704402863385e-07,3.463960921130531068e-07,2.505114163930579490e-07,1.299373690486226518e-07,2.338944360808931121e-07,2.690260940265128061e-07,2.990267921063375300e-07,1.479833373047250929e-07,3.003657291290441467e-07,5.125298513598278728e-06,nan,nan,2.107401804140699694e-08,2.685108271842918129e-07,2.156940195965275474e-07,0.000000000000000000e+00,7.782937207560809426e-08,nan,0.000000000000000000e+00,2.385362701635774537e-07,0.000000000000000000e+00,-6.798647700727420708e-08,2.593064362136935477e-07,2.881744633893982600e-07,2.190860473459582118e-07,1.695729565670551318e-07,2.290168746873502015e-07,1.423808626290400568e-07,2.551560574121005410e-07,1.264602096370240710e-07,nan,2.178186374261410382e-07,1.813620253263407157e-07,nan,nan,nan,nan,nan,nan,nan,nan,nan
nan,nan,nan,nan,nan,nan,nan,nan,nan,nan,nan,nan,nan,nan,nan,nan,nan,nan,nan,nan,nan,nan,nan,nan,nan,nan,nan,nan,nan,nan,nan,nan,nan,nan,nan,nan,nan,nan,nan,nan,nan,nan,nan,nan,nan,nan,nan,nan,nan,nan,nan,nan,nan,nan,nan,nan,nan
nan,nan,nan,nan,nan,nan,nan,nan,nan,nan,nan,nan,nan,nan,nan,nan,nan,nan,nan,nan,nan,nan,nan,nan,nan,nan,nan,nan,nan,nan,nan,nan,nan,nan,nan,nan,nan,nan,nan,nan,nan,nan,nan,nan,nan,nan,nan,nan,nan,nan,nan,nan,nan,nan,nan,nan,nan
1.272195450431585960e-08,2.372826250766600064e-08,2.896728227720266036e-08,3.655633579011703571e-08,1.321697380511295069e-08,2.525904124402615338e-08,2.783864976779668370e-08,2.121652160569741528e-08,2.111087968515359621e-08,4.717266406653603319e-08,4.533842443054843683e-08,1.167086101473414584e-08,5.086606411004830148e-08,-4.822926045923501072e-08,3.275793232460993795e-08,3.720543462114448101e-08,1.880264664694176145e-08,4.861887573590808431e-08,-2.257672221539126782e-09,4.611633836730583468e-08,-6.101729684303287198e-09,1.332466231055885473e-08,-7.419473544398568345e-09,7.894525945980639225e-08,2.107401804140699694e-08,nan,nan,2.175155745557830727e-06,-3.950971014977368389e-08,-2.449902000730764404e-08,0.000000000000000000e+00,-1.175289183307716070e-07,nan,0.000000000000000000e+00,1.654795703955372867e-08,0.000000000000000000e+00,1.978308681228669373e-07,1.798818978583137842e-08,-5.783728421247723698e-08,-8.667623576247489901e-09,2.007530442253922961e-08,1.539887385941056270e-09,3.321841208477200270e-08,8.057646972760191410e-09,7.010781984511719536e-09,nan,-5.829893786831640489e-08,-4.783913341098822947e-08,nan,nan,nan,nan,nan,nan,nan,nan,nan
1.892226936466359347e-07,2.627122528368488231e-07,6.300833895029735636e-07,5.224726441316701616e-07,3.261561516088484117e-07,4.416981446809911253e-07,3.803489015831261988e-07,4.991704160350291163e-07,4.759198906090849421e-07,3.875228798025422569e-07,4.487898346454025417e-07,6.358745581033387137e-07,5.627719287252958454e-07,5.425572753671775833e-07,5.792432537643866575e-07,4.886317181506719548e-07,6.978165968017230088e-07,5.121657184116009348e-07,6.592109067268566959e-07,4.904023060957301792e-07,5.744826481147774280e-07,6.147712956124046929e-07,1.940802433010388541e-07,8.019490538887636768e-07,2.685108271842918129e-07,nan,nan,-3.950971014977368389e-08,1.064584722900082830e-05,2.307928837149600164e-07,0.000000000000000000e+00,2.257746094729401375e-07,nan,0.000000000000000000e+00,3.759950639272775298e-07,0.000000000000000000e+00,1.346247342826925782e-07,6.908757605899551405e-07,6.301565026463707256e-07,5.817332531771470973e-07,2.321214841339647985e-07,4.593804989325411695e-07,4.055958501617676356e-07,6.615184466743294256e-07,2.938420319659808824e-07,nan,3.051692082381409420e-07,5.900925227681753993e-07,nan,nan,nan,nan,nan,nan,nan,nan,nan
1.648481058281828430e-07,2.268823643855537042e-07,6.202279155238507518e-07,4.150048221455808420e-07,2.949898675243237875e-07,3.814181379332290865e-07,3.185585756699908661e-07,4.450647123708878643e-07,3.786170979648731661e-07,2.375365443100519419e-07,3.754162483758637808e-07,4.886166990699820545e-07,4.237108301962839178e-07,4.622442319618885344e-07,4.474507477217970710e-07,3.770696022350005692e-07,4.478037123531337979e-07,4.260180460558930092e-07,4.177087531747748484e-07,4.025405508781522363e-07,3.712634448565190312e-07,4.852861990601005370e-07,1.552106489859937510e-07,4.991703894885405169e-07,2.156940195965275474e-07,nan,nan,-2.449902000730764404e-08,2.307928837149600164e-07,4.459737894323949737e-06,0.000000000000000000e+00,2.647346365959246279e-07,nan,0.000000000000000000e+00,3.293613010815298729e-07,0.000000000000000000e+00,-1.188691016731699715e-07,4.713390376447883576e-07,4.216999669103374434e-07,3.805705027790170953e-07,3.578876586073104588e-07,3.576002993669478533e-07,3.272856650209000208e-07,4.124104195949853331e-07,2.622884285708419365e-07,nan,3.872046017260385132e-07,3.672713999398712243e-07,nan,nan,nan,nan,nan,nan,nan,nan,nan
0.000000000000000000e+00,0.000000000000000000e+00,0.000000000000000000e+00,0.000000000000000000e+00,0.000000000000000000e+00,0.000000000000000000e+00,0.000000000000000000e+00,0.000000000000000000e+00,0.000000000000000000e+00,0.000000000000000000e+00,0.000000000000000000e+00,0.000000000000000000e+00,0.000000000000000000e+00,0.000000000000000000e+00,0.000000000000000000e+00,0.000000000000000000e+00,0.000000000000000000e+00,0.000000000000000000e+00,0.000000000000000000e+00,0.000000000000000000e+00,0.000000000000000000e+00,0.000000000000000000e+00,0.000000000000000000e+00,0.000000000000000000e+00,0.000000000000000000e+00,nan,nan,0.000000000000000000e+00,0.000000000000000000e+00,0.000000000000000000e+00,0.000000000000000000e+00,0.000000000000000000e+00,nan,0.000000000000000000e+00,0.000000000000000000e+00,0.000000000000000000e+00,0.000000000000000000e+00,0.000000000000000000e+00,0.000000000000000000e+00,0.000000000000000000e+00,0.000000000000000000e+00,0.000000000000000000e+00,0.000000000000000000e+00,0.000000000000000000e+00,0.000000000000000000e+00,nan,0.000000000000000000e+00,0.000000000000000000e+00,nan,nan,nan,nan,nan,nan,nan,nan,nan
1.461326023907167518e-07,1.539394318437750084e-07,3.604284025080668580e-07,3.090926513244711691e-07,1.812187255086161646e-07,2.474076136799015280e-07,1.774484235572049685e-07,3.125542140436775347e-07,2.258892767491789505e-07,1.643611334805150986e-07,2.657366882106827686e-07,2.808449409807128966e-07,2.613761695829313582e-07,1.943629277348061156e-07,3.060371190047923909e-07,2.140369818621025468e-07,3.530132122879541583e-07,2.364491455868186539e-07,3.388012672570583859e-07,2.295996464631450731e-07,2.396528763335163201e-07,2.821166710057197838e-07,1.472046082508995576e-07,2.899252947493055464e-07,7.782937207560809426e-08,nan,nan,-1.175289183307716070e-07,2.257746094729401375e-07,2.647346365959246279e-07,0.000000000000000000e+00,3.436021258488824451e-06,nan,0.000000000000000000e+00,2.318209575958984760e-07,0.000000000000000000e+00,-5.192045425108451096e-08,2.680789506217443701e-07,2.397312087314325157e-07,2.292811001925684066e-07,1.284253856949916256e-07,2.708789489291224007e-07,1.349323037964253433e-07,2.662624419780907194e-07,1.319519421244147311e-07,nan,2.046217283570006010e-07,2.281749548215654809e-07,nan,nan,nan,nan,nan,nan,nan,nan,nan
nan,nan,nan,nan,nan,nan,nan,nan,nan,nan,nan,nan,nan,nan,nan,nan,nan,nan,nan,nan,nan,nan,nan,nan,nan,nan,nan,nan,nan,nan,nan,nan,nan,nan,nan,nan,nan,nan,nan,nan,nan,nan,nan,nan,nan,nan,nan,nan,nan,nan,nan,nan,nan,nan,nan,nan,nan
0.000000000000000000e+00,0.000000000000000000e+00,0.000000000000000000e+00,0.000000000000000000e+00,0.000000000000000000e+00,0.000000000000000000e+00,0.000000000000000000e+00,0.000000000000000000e+00,0.000000000000000000e+00,0.000000000000000000e+00,0.000000000000000000e+00,0.000000000000000000e+00,0.000000000000000000e+00,0.000000000000000000e+00,0.000000000000000000e+00,0.000000000000000000e+00,0.000000000000000000e+00,0.000000000000000000e+00,0.000000000000000000e+00,0.000000000000000000e+00,0.000000000000000000e+00,0.000000000000000000e+00,0.000000000000000000e+00,0.000000000000000000e+00,0.000000000000000000e+00,nan,nan,0.000000000000000000e+00,0.000000000000000000e+00,0.000000000000000000e+00,0.000000000000000000e+00,0.000000000000000000e+00,nan,0.000000000000000000e+00,0.000000000000000000e+00,0.000000000000000000e+00,0.000000000000000000e+00,0.000000000000000000e+00,0.000000000000000000e+00,0.000000000000000000e+00,0.000000000000000000e+00,0.000000000000000000e+00,0.000000000000000000e+00,0.000000000000000000e+00,0.000000000000000000e+00,nan,0.000000000000000000e+00,0.000000000000000000e+00,nan,nan,nan,nan,nan,nan,nan,nan,nan
4.723882267200380721e-07,6.111240472443966913e-07,1.532214750546900857e-06,1.147137631885340882e-06,6.066752784131406911e-07,1.042052416049198340e-06,6.607221593227463401e-07,1.223803529247217395e-06,8.972490778910189491e-07,7.328196073586022746e-07,1.043175639924424929e-06,1.048054969327071599e-06,1.140734050063184210e-06,1.115766452535548690e-06,1.259648941226614510e-06,7.780894632792954680e-07,1.440691524212736124e-06,8.960795409533348276e-07,1.110805627910985627e-06,1.118159932788834445e-06,6.978509651466054405e-07,1.126644469988813975e-06,3.002616846517721437e-07,1.142914236980547861e-06,2.385362701635774537e-07,nan,nan,1.654795703955372867e-08,3.759950639272775298e-07,3.293613010815298729e-07,0.000000000000000000e+00,2.318209575958984760e-07,nan,0.000000000000000000e+00,1.846452690168255191e-06,0.000000000000000000e+00,-3.176994386338482330e-08,1.214255812175522773e-06,6.739998837933106495e-07,8.423340967890630527e-07,2.076247370190313019e-07,7.854796282829391175e-07,7.600582754541484480e-07,1.207622916932247638e-06,3.325057636459181429e-07,nan,4.787770899716512716e-07,9.725839403110781336e-07,nan,nan,nan,nan,nan,nan,nan,nan,nan
0.000000000000000000e+00,0.000000000000000000e+00,0.000000000000000000e+00,0.000000000000000000e+00,0.000000000000000000e+00,0.000000000000000000e+00,0.000000000000000000e+00,0.000000000000000000e+00,0.000000000000000000e+00,0.000000000000000000e+00,0.000000000000000000e+00,0.000000000000000000e+00,0.000000000000000000e+00,0.000000000000000000e+00,0.000000000000000000e+00,0.000000000000000000e+00,0.000000000000000000e+00,0.000000000000000000e+00,0.000000000000000000e+00,0.000000000000000000e+00,0.000000000000000000e+00,0.000000000000000000e+00,0.000000000000000000e+00,0.000000000000000000e+00,0.000000000000000000e+00,nan,nan,0.000000000000000000e+00,0.000000000000000000e+00,0.000000000000000000e+00,0.000000000000000000e+00,0.000000000000000000e+00,nan,0.000000000000000000e+00,0.000000000000000000e+00,0.000000000000000000e+00,0.000000000000000000e+00,0.000000000000000000e+00,0.000000000000000000e+00,0.000000000000000000e+00,0.000000000000000000e+00,0.000000000000000000e+00,0.000000000000000000e+00,0.000000000000000000e+00,0.000000000000000000e+00,nan,0.000000000000000000e+00,0.000000000000000000e+00,nan,nan,nan,nan,nan,nan,nan,nan,nan
-2.342048903491548653e-08,-8.541505544652365057e-08,1.679201303673353252e-07,-2.198930883066909605e-07,-1.027008886774035004e-07,-1.011288452461760694e-07,-2.403423952880469599e-08,-1.431082221539593006e-07,-1.777617266580218456e-07,3.798174749773644952e-08,1.434623427773908919e-07,4.621533751639208000e-08,3.794892126899508119e-08,-3.434536180517141840e-07,-1.295852352309566728e-07,-1.600776114061259650e-07,-1.738473467374584815e-07,3.614849937569460551e-08,1.342622139714517043e-07,-1.053186408275150807e-07,2.312894307126587459e-08,-3.886184747217990781e-08,3.425313115949107070e-08,1.639191415237377649e-07,-6.798647700727420708e-08,nan,nan,1.978308681228669373e-07,1.346247342826925782e-07,-1.188691016731699715e-07,0.000000000000000000e+00,-5.192045425108451096e-08,nan,0.000000000000000000e+00,-3.176994386338482330e-08,0.000000000000000000e+00,6.929879874815138741e-05,-4.584975216140692969e-08,-1.588745647605313799e-07,-1.170508101031751702e-07,1.961158918317574846e-07,1.569828658166037156e-08,2.107848751941118615e-09,4.192012579799462094e-08,4.559692700709404105e-08,nan,8.714621904306637305e-09,2.273292855777337557e-08,nan,nan,nan,nan,nan,nan,nan,nan,nan
