1.288057174839100140e-06,1.415153722529401592e-06,1.299800329930885035e-06,1.302295877841302962e-06,1.327139369176920776e-06,1.348524804660423189e-06,1.389224570293100031e-06,1.253349490849085400e-06,1.647893603766708510e-06,7.529743819530492409e-07,1.085577799007014353e-06,8.567433987038308824e-07,1.284166875982633747e-06,7.519977537484138133e-07,1.221289591504231618e-06,1.323921291789515794e-06,1.335338711740383744e-06,1.139926120593446713e-06,1.735259034048232152e-06,1.471750245344700133e-06,5.733234083770844327e-07,6.422729207965286055e-07,6.491553573984452676e-07,1.260930500096766913e-06,2.216056941003538242e-07,1.340844409540624483e-06,8.973310256320172216e-08,9.389509022003220380e-08,4.121656538840646171e-07,8.776018658325824188e-07,0.000000000000000000e+00,2.985070473988513234e-07,3.552947704199298638e-07,0.000000000000000000e+00,1.320588247837845329e-06,0.000000000000000000e+00,-8.558892589009718976e-09,1.331591124936227292e-06,9.741593591099234759e-07,1.767183379089496814e-06,4.171402324838074148e-07,1.497788260406569523e-06,1.412954053953547070e-06,1.521438397710574251e-06,1.291957021119621728e-06,nan,2.136731480917804844e-07,1.952962795364576970e-06,nan,nan,nan,nan,nan,nan,nan,nan,nan
1.415153722529401592e-06,2.135673301800708049e-06,1.591343694323358653e-06,1.665083600382245390e-06,1.686050820284370715e-06,1.700786361350383920e-06,1.769434866972782829e-06,1.677306355741745364e-06,2.188610572421397957e-06,9.789987307724469487e-07,1.446823749942175422e-06,1.104199826599483709e-06,1.700171476068567017e-06,9.775250040383145043e-07,1.527180362979574847e-06,1.669440215523128750e-06,1.765457065094428585e-06,1.491080678417246954e-06,1.918332035087846392e-06,1.947281066800214160e-06,7.441510250612264156e-07,9.819273045970316158e-07,6.781958670784594583e-07,1.615746526044881785e-06,2.747826510969140266e-07,1.741966261921518394e-06,1.241828846421269659e-07,7.435204771245346881e-08,4.712029980037917498e-07,1.066271167796054034e-06,0.000000000000000000e+00,3.086690472734999055e-07,4.309854939448622145e-07,0.000000000000000000e+00,1.754595602575707154e-06,0.000000000000000000e+00,-8.581651136702076543e-09,1.742549264782708656e-06,1.224162163431014551e-06,2.267128119947131812e-06,4.170888625372303151e-07,1.924633660664811899e-06,1.861228770660502564e-06,2.014162185800472462e-06,1.521845458466835777e-06,nan,1.668086328757413391e-07,2.490870572730505910e-06,nan,nan,nan,nan,nan,nan,nan,nan,nan
1.299800329930885035e-06,1.591343694323358653e-06,2.284837089835660146e-06,1.662592628072589365e-06,1.613887291222454226e-06,1.625890947571021812e-06,1.779110272533189275e-06,1.610974483457552787e-06,2.089153145452313916e-06,1.014733167008075753e-06,1.479071274991253579e-06,1.122530850778548156e-06,1.621341866006005547e-06,1.047215727499422154e-06,1.675372947961305417e-06,1.650769299413217032e-06,1.767514724354492460e-06,1.491439605388974698e-06,2.378325562153686436e-06,1.889955102980685308e-06,8.221719350540636655e-07,9.746293222746608243e-07,7.587161603851594343e-07,1.573332840956279180e-06,3.108698694225285999e-07,1.670692935971399452e-06,1.103287767121185349e-07,1.540186897761591936e-07,5.990143523229926939e-07,1.188116027037161997e-06,0.000000000000000000e+00,3.747771051335888006e-07,4.386959943519941806e-07,0.000000000000000000e+00,1.655029947378570507e-06,0.000000000000000000e+00,-6.755131486776859143e-09,1.697808984340927851e-06,1.207424238977824697e-06,2.048203776707707326e-06,4.817722623782177391e-07,1.927529177898712156e-06,1.727407742050068431e-06,1.893802439509337677e-06,1.419704404189653669e-06,nan,1.895712822486925935e-07,2.289354736008756809e-06,nan,nan,nan,nan,nan,nan,nan,nan,nan
1.302295877841302962e-06,1.665083600382245390e-06,1.662592628072589365e-06,2.300700305739481358e-06,1.595566088018191975e-06,1.648467877453092765e-06,1.757119640416740810e-06,1.644499254316886813e-06,2.120444779214173947e-06,9.753202047812445599e-07,1.454836411574369945e-06,1.144020829780997239e-06,1.695707527145474743e-06,9.845354497071001484e-07,1.589261632230026748e-06,1.612199643769783197e-06,1.795516147882881949e-06,1.511210205530754756e-06,2.091891427535473650e-06,1.963782601105861368e-06,7.639114037385652662e-07,9.422895725325259462e-07,6.735227723041847866e-07,1.581438941064088341e-06,2.596764168749025834e-07,1.731237152034035188e-06,1.056699145031134683e-07,1.100814595020297994e-07,5.215734286528265817e-07,1.124930079390036409e-06,0.000000000000000000e+00,3.457159578204936577e-07,4.054046797874539168e-07,0.000000000000000000e+00,1.656714580967013583e-06,0.000000000000000000e+00,-5.612139729668075018e-09,1.695756724656985290e-06,1.235520905282074243e-06,2.178612650934724285e-06,3.887798565881069115e-07,1.896971923032025376e-06,1.768822955101739303e-06,1.928331910992422503e-06,1.371660361518323628e-06,nan,1.816353163822332588e-07,2.337373832846497836e-06,nan,nan,nan,nan,nan,nan,nan,nan,nan
1.327139369176920776e-06,1.686050820284370715e-06,1.613887291222454226e-06,1.595566088018191975e-06,3.628521423638772496e-06,1.634374967000264812e-06,1.735383990878885079e-06,1.687368550629122481e-06,2.063432079980500795e-06,1.075834055094541700e-06,1.531269351275960530e-06,1.175121910733016857e-06,1.634610805345736938e-06,1.102256968277991539e-06,1.585839517096865007e-06,1.687264066012223759e-06,1.773028750351586761e-06,1.540040956576973636e-06,2.000817952965450140e-06,1.866966205498661418e-06,7.937621152342533452e-07,8.855512732545188927e-07,7.189606900491230822e-07,1.629164646725507307e-06,2.880398067493290350e-07,1.753041176587952525e-06,1.109338530887090744e-07,5.277558454127286864e-08,4.793569296532420290e-07,1.229113118580525631e-06,0.000000000000000000e+00,3.424041609145364949e-07,4.383256095450187853e-07,0.000000000000000000e+00,1.663232187924061055e-06,0.000000000000000000e+00,-6.917772549846724025e-09,1.819861578749649674e-06,1.364138271253479704e-06,2.014297002871568377e-06,5.364999583689843069e-07,2.064819625230415460e-06,1.780242315673508923e-06,1.895513458273155852e-06,1.400594390726661267e-06,nan,1.975877644924593966e-07,2.392618021745979178e-06,nan,nan,nan,nan,nan,nan,nan,nan,nan
1.348524804660423189e-06,1.700786361350383920e-06,1.625890947571021812e-06,1.648467877453092765e-06,1.634374967000264812e-06,2.031513453092827972e-06,1.761417914433126442e-06,1.650337145585767395e-06,2.099648820161639554e-06,9.847351781182640042e-07,1.488426069301546722e-06,1.148738413095387148e-06,1.656316892233369859e-06,1.002430953785193692e-06,1.601673299496964683e-06,1.664600056100558383e-06,1.775628107837640187e-06,1.504276646133772473e-06,2.004838903208347701e-06,1.923945734404759355e-06,7.815354488134687378e-07,9.292727922871627234e-07,7.032210029025009543e-07,1.593972532805242669e-06,1.882301870816355288e-07,1.697670130550500400e-06,1.034561212839993730e-07,8.852746926754279753e-08,5.035102820925042075e-07,1.120811119504280349e-06,0.000000000000000000e+00,3.269263831714115016e-07,3.977861586229726719e-07,0.000000000000000000e+00,1.672351300090981947e-06,0.000000000000000000e+00,-1.978471984129445082e-09,1.704396048982882844e-06,1.208280412976894562e-06,2.089262661510675343e-06,4.224291606270540721e-07,1.937726923773291565e-06,1.773554988601893815e-06,1.933215915709393694e-06,1.433816049872334270e-06,nan,2.167395052970806844e-07,2.363271332321585031e-06,nan,nan,nan,nan,nan,nan,nan,nan,nan
1.389224570293100031e-06,1.769434866972782829e-06,1.779110272533189275e-06,1.757119640416740810e-06,1.735383990878885079e-06,1.761417914433126442e-06,2.634265896423346093e-06,1.788247031821355268e-06,2.273725522048488799e-06,1.096404516386297920e-06,1.625524632625394211e-06,1.261029497981413492e-06,1.782223332999233753e-06,1.114265291780274948e-06,1.702447259060158832e-06,1.821406924845847698e-06,1.951045701437309677e-06,1.598192594237499812e-06,2.260797689328802099e-06,2.067891438610106184e-06,8.701221599388492628e-07,9.954106134846757377e-07,7.617195095690283561e-07,1.709597088029262799e-06,2.612581317751407029e-07,1.837828919532930667e-06,1.571761035879485250e-07,9.368352910331264074e-08,5.647276902602202078e-07,1.262664877669027241e-06,0.000000000000000000e+00,3.536210538079944370e-07,4.607184521565341851e-07,0.000000000000000000e+00,1.806454686450578261e-06,0.000000000000000000e+00,-5.637833679172019519e-09,1.846473602031479536e-06,1.329216789848761886e-06,2.259979657456445480e-06,5.998634947920692918e-07,2.086465799409851267e-06,1.875677068430399387e-06,2.054934294943211954e-06,1.539508418585482174e-06,nan,1.527948353772742415e-07,2.517515163012182964e-06,nan,nan,nan,nan,nan,nan,nan,nan,nan
1.253349490849085400e-06,1.677306355741745364e-06,1.610974483457552787e-06,1.644499254316886813e-06,1.687368550629122481e-06,1.650337145585767395e-06,1.788247031821355268e-06,4.117231436494551459e-06,2.145997638689336993e-06,1.141980327152272312e-06,1.751364992418299529e-06,1.285086842802313956e-06,1.784505804044829545e-06,1.116853745020421837e-06,1.626322902024608914e-06,1.796925928275779247e-06,2.024698408478437257e-06,1.658164624010658068e-06,2.174280681585984798e-06,2.104368792083695751e-06,8.660373621463893732e-07,1.192708561358661979e-06,6.886988859965913823e-07,1.880584353804171105e-06,2.377561285978507991e-07,1.915699096995943283e-06,1.711500896790067296e-07,7.977995896695336744e-08,5.815065406359436210e-07,1.265481438846191845e-06,0.000000000000000000e+00,3.319040709632251098e-07,4.721307852701238049e-07,0.000000000000000000e+00,1.860122102627704682e-06,0.000000000000000000e+00,-7.204796129063157267e-09,1.952307478930746219e-06,1.434983361788186940e-06,2.112607273926105084e-06,5.199306491640121504e-07,2.058043480552784073e-06,1.860011590607135735e-06,2.175307399247140500e-06,1.492417449623096471e-06,nan,2.532056092181682203e-08,2.457854097777530123e-06,nan,nan,nan,nan,nan,nan,nan,nan,nan
1.647893603766708510e-06,2.188610572421397957e-06,2.089153145452313916e-06,2.120444779214173947e-06,2.063432079980500795e-06,2.099648820161639554e-06,2.273725522048488799e-06,2.145997638689336993e-06,3.367285417507436974e-06,1.301845529557017398e-06,1.959931640082628138e-06,1.456589154346102530e-06,2.183298887823348855e-06,1.331398598815402481e-06,2.079833138745420874e-06,2.140896952343068323e-06,2.330923233124184657e-06,1.957163461794332667e-06,2.667018232046798260e-06,2.493928381410017199e-06,1.049183991990610220e-06,1.193433800291938250e-06,8.601277526648031373e-07,2.059204169738635492e-06,3.173408073082776649e-07,2.191455527197993353e-06,1.416798500494855381e-07,1.207565834919092722e-07,7.105693477768836933e-07,1.515283305783123913e-06,0.000000000000000000e+00,4.164782602204893687e-07,5.364663345759606211e-07,0.000000000000000000e+00,2.182347079348906049e-06,0.000000000000000000e+00,-1.472036363066949483e-09,2.245194731023332964e-06,1.590126099390396581e-06,2.709952229068520865e-06,4.967448120315698429e-07,2.497764239344664924e-06,2.297031421551581650e-06,2.497872448329780260e-06,1.793742141181788045e-06,nan,2.350187497166507119e-07,3.052745225510391196e-06,nan,nan,nan,nan,nan,nan,nan,nan,nan
7.529743819530492409e-07,9.789987307724469487e-07,1.014733167008075753e-06,9.753202047812445599e-07,1.075834055094541700e-06,9.847351781182640042e-07,1.096404516386297920e-06,1.141980327152272312e-06,1.301845529557017398e-06,2.321432457907515568e-06,1.153053450250007214e-06,8.676231918899691707e-07,1.046761166121105626e-06,8.837762792320217448e-07,1.058822580843961066e-06,1.219786875101111685e-06,1.253125575544516018e-06,1.097137123987656228e-06,1.473450069420530247e-06,1.261273869529815373e-06,7.250907734406911665e-07,6.622759480029803819e-07,5.488713485627361690e-07,1.147497054786407973e-06,3.289027282645165142e-07,1.167168543831089402e-06,2.152717435597838430e-07,4.928964968613598556e-08,5.247213917385934794e-07,1.040399488978472629e-06,0.000000000000000000e+00,3.686728068104945329e-07,4.107897129380125463e-07,0.000000000000000000e+00,1.143095466758118393e-06,0.000000000000000000e+00,-4.932530047546996866e-09,1.250136822108538652e-06,9.552787853520789869e-07,1.185486478929030176e-06,7.159310340637077016e-07,1.304472067088848000e-06,1.157710636577196400e-06,1.223589773756083933e-06,9.588882190353411563e-07,nan,4.069775938306751652e-07,1.501145721602691743e-06,nan,nan,nan,nan,nan,nan,nan,nan,nan
1.085577799007014353e-06,1.446823749942175422e-06,1.479071274991253579e-06,1.454836411574369945e-06,1.531269351275960530e-06,1.488426069301546722e-06,1.625524632625394211e-06,1.751364992418299529e-06,1.959931640082628138e-06,1.153053450250007214e-06,3.752394463544592411e-06,1.189223822309055851e-06,1.657272136357680556e-06,1.165515130374358850e-06,1.533533704526223756e-06,1.652928499477413206e-06,1.852298408812883099e-06,1.554905575817738876e-06,2.064205535790835205e-06,1.947662423554586100e-06,9.459961125596875072e-07,8.231862422611751725e-07,6.703915261195029416e-07,1.630415460327896889e-06,1.681156440071926601e-07,1.732151245124362832e-06,1.363296829666174178e-07,5.979053244324341326e-08,5.291193558442678665e-07,1.292629227558282966e-06,0.000000000000000000e+00,3.579783532764043616e-07,4.706752290563088259e-07,0.000000000000000000e+00,1.700814870541776069e-06,0.000000000000000000e+00,3.861308093137734031e-09,1.827765804690236918e-06,1.360245144571155568e-06,1.865083678080836401e-06,5.331051995609429524e-07,1.938549308049307782e-06,1.667825464999968117e-06,1.833438322690089163e-06,1.287004216432749521e-06,nan,3.583066277836697382e-09,2.207554391096367029e-06,nan,nan,nan,nan,nan,nan,nan,nan,nan
8.567433987038308824e-07,1.104199826599483709e-06,1.122530850778548156e-06,1.144020829780997239e-06,1.175121910733016857e-06,1.148738413095387148e-06,1.261029497981413492e-06,1.285086842802313956e-06,1.456589154346102530e-06,8.676231918899691707e-07,1.189223822309055851e-06,7.019020993533323572e-06,1.206747893601855882e-06,8.733801556081173346e-07,1.201189944643624953e-06,1.335688249118756791e-06,1.381712086312748545e-06,1.217363182740783085e-06,1.564337974664072454e-06,1.378303988735841941e-06,7.109292778517728892e-07,8.541005718678337057e-07,5.358549530220861636e-07,1.240334821054249080e-06,2.258776978996347972e-07,1.260843840338147477e-06,5.692577600750472290e-08,7.754334604498920807e-08,4.553071683003903508e-07,9.250688640294105387e-07,0.000000000000000000e+00,2.949154053202631086e-07,3.780275230641529706e-07,0.000000000000000000e+00,1.280980062035564571e-06,0.000000000000000000e+00,1.774023352547898550e-09,1.301454450192894488e-06,9.422753724738962842e-07,1.318192194775412703e-06,4.236569601393154332e-07,1.409811631654658196e-06,1.264700916375631666e-06,1.345731935648916175e-06,1.122767869766939510e-06,nan,1.951385984470792449e-07,1.612588403697967424e-06,nan,nan,nan,nan,nan,nan,nan,nan,nan
1.284166875982633747e-06,1.700171476068567017e-06,1.621341866006005547e-06,1.695707527145474743e-06,1.634610805345736938e-06,1.656316892233369859e-06,1.782223332999233753e-06,1.784505804044829545e-06,2.183298887823348855e-06,1.046761166121105626e-06,1.657272136357680556e-06,1.206747893601855882e-06,2.838331507227376300e-06,1.088423723141841391e-06,1.624484142445043328e-06,1.726145219854432101e-06,1.928143560739866606e-06,1.579383506848767840e-06,2.082953374350907814e-06,2.088796045057210898e-06,8.234390549602390362e-07,8.944025542042857274e-07,6.996574144456747985e-07,1.741969344568759519e-06,3.530058205553429510e-07,1.831484952070028875e-06,1.450479857675726952e-07,1.138374529564010877e-07,5.378808348565727658e-07,1.196056770183737924e-06,0.000000000000000000e+00,3.433143987618446607e-07,4.365778323064959929e-07,0.000000000000000000e+00,1.763005093035283630e-06,0.000000000000000000e+00,1.507657235270457383e-09,1.805956531906205950e-06,1.311279278697743445e-06,2.219823854727291961e-06,6.022180400835222521e-07,1.961799388716711748e-06,1.801359566243370875e-06,2.054748649588965906e-06,1.485486329259692116e-06,nan,8.005482796886882201e-08,2.425756340819564670e-06,nan,nan,nan,nan,nan,nan,nan,nan,nan
7.519977537484138133e-07,9.775250040383145043e-07,1.047215727499422154e-06,9.845354497071001484e-07,1.102256968277991539e-06,1.002430953785193692e-06,1.114265291780274948e-06,1.116853745020421837e-06,1.331398598815402481e-06,8.837762792320217448e-07,1.165515130374358850e-06,8.733801556081173346e-07,1.088423723141841391e-06,1.828914651237138382e-06,1.145710944968878415e-06,1.189898657477368849e-06,1.294372236844981355e-06,1.142540411479048821e-06,1.406627895677217324e-06,1.214148393803699639e-06,7.436488684680685951e-07,5.648714227227292460e-07,5.907451560966112249e-07,1.073475796833504188e-06,2.510883287402126993e-07,1.148058136240352626e-06,9.594837422562681320e-08,1.434082608829217593e-07,5.177155922046600519e-07,1.042207828114815921e-06,0.000000000000000000e+00,3.684190378063590739e-07,3.982555891393919844e-07,0.000000000000000000e+00,1.145092101445138356e-06,0.000000000000000000e+00,-4.566255228194642700e-09,1.198435456499613607e-06,9.161758644243807854e-07,1.256032286823886222e-06,4.947634753581303713e-07,1.316766174130140203e-06,1.135854427067788644e-06,1.186448889903167918e-06,9.485734458168997827e-07,nan,1.697152938778213099e-07,1.488650458545185874e-06,nan,nan,nan,nan,nan,nan,nan,nan,nan
1.221289591504231618e-06,1.527180362979574847e-06,1.675372947961305417e-06,1.589261632230026748e-06,1.585839517096865007e-06,1.601673299496964683e-06,1.702447259060158832e-06,1.626322902024608914e-06,2.079833138745420874e-06,1.058822580843961066e-06,1.533533704526223756e-06,1.201189944643624953e-06,1.624484142445043328e-06,1.145710944968878415e-06,2.297013879232998265e-06,1.685050533230985453e-06,1.839188384438656454e-06,1.540067066601319962e-06,2.352644095322800134e-06,1.834718302696197861e-06,9.048077911993475044e-07,9.358439826167302870e-07,7.578368323479818452e-07,1.564916227839592542e-06,2.578180813687961754e-07,1.665670606315361470e-06,1.383639914973489222e-07,1.289413206333622018e-07,5.663764848322441996e-07,1.260337808997226458e-06,0.000000000000000000e+00,3.901044432148753736e-07,4.523708953919764451e-07,0.000000000000000000e+00,1.653677619811808831e-06,0.000000000000000000e+00,-2.073007389664566490e-09,1.736015801316964194e-06,1.193210780737876446e-06,1.918977636784693807e-06,6.485696755298455013e-07,1.945540610054586594e-06,1.671329051209291912e-06,1.837707643934208820e-06,1.382439080354558444e-06,nan,2.601387557824353383e-07,2.212231159192729456e-06,nan,nan,nan,nan,nan,nan,nan,nan,nan
1.323921291789515794e-06,1.669440215523128750e-06,1.650769299413217032e-06,1.612199643769783197e-06,1.687264066012223759e-06,1.664600056100558383e-06,1.821406924845847698e-06,1.796925928275779247e-06,2.140896952343068323e-06,1.219786875101111685e-06,1.652928499477413206e-06,1.335688249118756791e-06,1.726145219854432101e-06,1.189898657477368849e-06,1.685050533230985453e-06,4.111800277216772895e-06,1.989873743425594181e-06,1.663402246694567996e-06,2.223702183326243598e-06,1.947538572185740921e-06,1.008429063808690969e-06,1.107871191028890612e-06,7.846030963075455719e-07,1.748929043869114356e-06,2.976488939353875128e-07,1.918549812247421491e-06,1.645746273403508083e-07,1.830173120727176698e-07,6.549918487893277135e-07,1.416745264697460061e-06,0.000000000000000000e+00,4.083530624328161712e-07,5.293571566288610598e-07,0.000000000000000000e+00,1.866804007360924435e-06,0.000000000000000000e+00,-6.911951431987537025e-09,1.947676813465644148e-06,1.405340369079755059e-06,2.155239348906055618e-06,6.952698966531250808e-07,2.094566979985006139e-06,1.829998640355324384e-06,2.046840611759335467e-06,1.619048450532907680e-06,nan,4.442009751392079163e-07,2.475310078445478099e-06,nan,nan,nan,nan,nan,nan,nan,nan,nan
1.335338711740383744e-06,1.765457065094428585e-06,1.767514724354492460e-06,1.795516147882881949e-06,1.773028750351586761e-06,1.775628107837640187e-06,1.951045701437309677e-06,2.024698408478437257e-06,2.330923233124184657e-06,1.253125575544516018e-06,1.852298408812883099e-06,1.381712086312748545e-06,1.928143560739866606e-06,1.294372236844981355e-06,1.839188384438656454e-06,1.989873743425594181e-06,3.562431651767960004e-06,1.852784903501599620e-06,2.423235543215674299e-06,2.251560535476491881e-06,9.678613539089105804e-07,1.119891564111315336e-06,7.614366127782740548e-07,1.932657126406927174e-06,4.221011615536741808e-07,2.044271398377526254e-06,1.407844210966218858e-07,1.640218091539999931e-07,6.555983178978455575e-07,1.400531907512520357e-06,0.000000000000000000e+00,3.977208511364427742e-07,4.984825378551086046e-07,0.000000000000000000e+00,1.971750394489841440e-06,0.000000000000000000e+00,-6.919806280179920764e-09,2.067075493849267010e-06,1.494847892700911874e-06,2.283213732194744158e-06,6.784236433093724736e-07,2.202219970413724435e-06,2.002795880361843155e-06,2.220211376607518409e-06,1.626188019097537583e-06,nan,1.885238254475226860e-07,2.591622025083462447e-06,nan,nan,nan,nan,nan,nan,nan,nan,nan
1.139926120593446713e-06,1.491080678417246954e-06,1.491439605388974698e-06,1.511210205530754756e-06,1.540040956576973636e-06,1.504276646133772473e-06,1.598192594237499812e-06,1.658164624010658068e-06,1.957163461794332667e-06,1.097137123987656228e-06,1.554905575817738876e-06,1.217363182740783085e-06,1.579383506848767840e-06,1.142540411479048821e-06,1.540067066601319962e-06,1.663402246694567996e-06,1.852784903501599620e-06,2.800927655095027136e-06,2.090583339071111552e-06,1.873774222140223173e-06,8.896755089567917088e-07,9.952140911886452418e-07,7.117162600129077320e-07,1.603278430329841687e-06,3.195343539361045144e-07,1.686932312954847961e-06,2.097573046789306375e-07,1.782933654272052965e-07,4.953031877517383145e-07,1.246002779898598867e-06,0.000000000000000000e+00,3.862710921883499201e-07,4.688040309179262929e-07,0.000000000000000000e+00,1.679498123126729091e-06,0.000000000000000000e+00,-1.090739483852054359e-08,1.734619332031653108e-06,1.236534740519722434e-06,1.907794000807759434e-06,4.268876987017202567e-07,1.909202114589899700e-06,1.676096767329875663e-06,1.884235567502573714e-06,1.343527669241537403e-06,nan,3.092653462174924064e-07,2.177055591815506627e-06,nan,nan,nan,nan,nan,nan,nan,nan,nan
1.735259034048232152e-06,1.918332035087846392e-06,2.378325562153686436e-06,2.091891427535473650e-06,2.000817952965450140e-06,2.004838903208347701e-06,2.260797689328802099e-06,2.174280681585984798e-06,2.667018232046798260e-06,1.473450069420530247e-06,2.064205535790835205e-06,1.564337974664072454e-06,2.082953374350907814e-06,1.406627895677217324e-06,2.352644095322800134e-06,2.223702183326243598e-06,2.423235543215674299e-06,2.090583339071111552e-06,8.403464831118995527e-06,2.485001583494119478e-06,1.235306061319351241e-06,9.734697447220418197e-07,1.059635694446995884e-06,2.130701477952799780e-06,3.447622933364167948e-07,2.218607285144572308e-06,2.188297334689368608e-07,2.080269464078806192e-07,8.105807113474170563e-07,1.694423946438222311e-06,0.000000000000000000e+00,4.997139357768204801e-07,6.063860395700045719e-07,0.000000000000000000e+00,2.242950722435630874e-06,0.000000000000000000e+00,-1.054923021137269907e-08,2.401636526206774455e-06,1.725621705947199365e-06,2.832855185956922317e-06,1.241265864145583922e-06,2.556304109325292379e-06,2.262192512528303412e-06,2.524825488411271846e-06,1.939218262398320173e-06,nan,6.257357072553277404e-07,2.967656646602367106e-06,nan,nan,nan,nan,nan,nan,nan,nan,nan
1.471750245344700133e-06,1.947281066800214160e-06,1.889955102980685308e-06,1.963782601105861368e-06,1.866966205498661418e-06,1.923945734404759355e-06,2.067891438610106184e-06,2.104368792083695751e-06,2.493928381410017199e-06,1.261273869529815373e-06,1.947662423554586100e-06,1.378303988735841941e-06,2.088796045057210898e-06,1.214148393803699639e-06,1.834718302696197861e-06,1.947538572185740921e-06,2.251560535476491881e-06,1.873774222140223173e-06,2.485001583494119478e-06,4.050104692743952488e-06,9.327236125932250073e-07,1.359335298453221904e-06,7.423929748968346804e-07,1.973801342665069998e-06,3.039646046222885855e-07,2.102102770271080453e-06,1.799005481560646746e-07,5.670734435550264291e-08,6.189019410008604430e-07,1.350609396087384817e-06,0.000000000000000000e+00,3.528773750331410386e-07,4.768580093461115063e-07,0.000000000000000000e+00,2.107281860612428516e-06,0.000000000000000000e+00,-5.224320654407667265e-09,2.148702686521779144e-06,1.583303289233459131e-06,2.462318232321582181e-06,5.974713747447497190e-07,2.403178718569006041e-06,2.149712448637544954e-06,2.462519496202607027e-06,1.661823085580776513e-06,nan,1.025196349322201128e-07,2.844930594969014462e-06,nan,nan,nan,nan,nan,nan,nan,nan,nan
5.733234083770844327e-07,7.441510250612264156e-07,8.221719350540636655e-07,7.639114037385652662e-07,7.937621152342533452e-07,7.815354488134687378e-07,8.701221599388492628e-07,8.660373621463893732e-07,1.049183991990610220e-06,7.250907734406911665e-07,9.459961125596875072e-07,7.109292778517728892e-07,8.234390549602390362e-07,7.436488684680685951e-07,9.048077911993475044e-07,1.008429063808690969e-06,9.678613539089105804e-07,8.896755089567917088e-07,1.235306061319351241e-06,9.327236125932250073e-07,2.235170346273636966e-06,6.126202991988037300e-07,4.251300122445272810e-07,8.621266391540114897e-07,2.294808329370564176e-07,8.729694551624852676e-07,1.231287524694510611e-07,1.582636739049953045e-07,5.115234063108629819e-07,8.460883262991463517e-07,0.000000000000000000e+00,3.047453281168646779e-07,3.301835458409321968e-07,0.000000000000000000e+00,8.935244302537704349e-07,0.000000000000000000e+00,-2.300019646127895977e-09,9.991886734547097255e-07,6.710621798674492386e-07,9.497523319463326079e-07,4.679182225949141525e-07,1.045455640477194863e-06,8.730749601496751306e-07,9.233751401476627770e-07,6.561409146780067066e-07,nan,3.086924705371186862e-07,1.138129609375317651e-06,nan,nan,nan,nan,nan,nan,nan,nan,nan
6.422729207965286055e-07,9.819273045970316158e-07,9.746293222746608243e-07,9.422895725325259462e-07,8.855512732545188927e-07,9.292727922871627234e-07,9.954106134846757377e-07,1.192708561358661979e-06,1.193433800291938250e-06,6.622759480029803819e-07,8.231862422611751725e-07,8.541005718678337057e-07,8.944025542042857274e-07,5.648714227227292460e-07,9.358439826167302870e-07,1.107871191028890612e-06,1.119891564111315336e-06,9.952140911886452418e-07,9.734697447220418197e-07,1.359335298453221904e-06,6.126202991988037300e-07,4.547712955136655401e-05,4.060288251723690503e-07,1.020261109882016313e-06,6.759557969321576632e-07,1.140787668478266881e-06,1.173155864809811444e-07,3.852798578851572025e-08,4.197103669852753898e-07,8.984238076480112404e-07,0.000000000000000000e+00,3.595219226244094646e-07,3.249871997628489938e-07,0.000000000000000000e+00,1.027913861521701066e-06,0.000000000000000000e+00,-3.801904316664086970e-09,1.145436433592047227e-06,6.880611835925171605e-07,1.158915372517467142e-06,6.110988444080302777e-07,1.122786468701327938e-06,1.074152060543538476e-06,1.163799126813711503e-06,4.835881588192929818e-07,nan,-4.317052955143074188e-07,1.427724022885132496e-06,nan,nan,nan,nan,nan,nan,nan,nan,nan
6.491553573984452676e-07,6.781958670784594583e-07,7.587161603851594343e-07,6.735227723041847866e-07,7.189606900491230822e-07,7.032210029025009543e-07,7.617195095690283561e-07,6.886988859965913823e-07,8.601277526648031373e-07,5.488713485627361690e-07,6.703915261195029416e-07,5.358549530220861636e-07,6.996574144456747985e-07,5.907451560966112249e-07,7.578368323479818452e-07,7.846030963075455719e-07,7.614366127782740548e-07,7.117162600129077320e-07,1.059635694446995884e-06,7.423929748968346804e-07,4.251300122445272810e-07,4.060288251723690503e-07,1.357991197576894553e-06,6.950472254984215152e-07,2.486787149862540562e-07,7.417991257544802387e-07,1.613468932713298566e-07,1.231203169195294531e-07,3.883241420280336829e-07,6.891632091211486398e-07,0.000000000000000000e+00,2.833877725609984604e-07,2.884741244328710188e-07,0.000000000000000000e+00,7.353820952319610718e-07,0.000000000000000000e+00,-1.005118771161652623e-08,7.950348030820180399e-07,5.932244792159788523e-07,7.594319439451521045e-07,3.701590364288713871e-07,8.480256730265145975e-07,7.324477225492782802e-07,7.828983904378899202e-07,7.119367638269305971e-07,nan,2.436226785267584414e-07,9.740741027907874090e-07,nan,nan,nan,nan,nan,nan,nan,nan,nan
1.260930500096766913e-06,1.615746526044881785e-06,1.573332840956279180e-06,1.581438941064088341e-06,1.629164646725507307e-06,1.593972532805242669e-06,1.709597088029262799e-06,1.880584353804171105e-06,2.059204169738635492e-06,1.147497054786407973e-06,1.630415460327896889e-06,1.240334821054249080e-06,1.741969344568759519e-06,1.073475796833504188e-06,1.564916227839592542e-06,1.748929043869114356e-06,1.932657126406927174e-06,1.603278430329841687e-06,2.130701477952799780e-06,1.973801342665069998e-06,8.621266391540114897e-07,1.020261109882016313e-06,6.950472254984215152e-07,4.555622628271931011e-06,2.511948271084624645e-07,1.868733110678228635e-06,9.979128084257509882e-08,1.588343925205614857e-07,5.220250614126379241e-07,1.233594237633230278e-06,0.000000000000000000e+00,3.678913634778160122e-07,4.736475808491620893e-07,0.000000000000000000e+00,1.814110210006867641e-06,0.000000000000000000e+00,-1.722345285524252534e-09,1.889886555328283224e-06,1.395783047426688040e-06,2.119096088201517993e-06,5.367500970929574388e-07,1.968117056882297349e-06,1.799583509380117359e-06,2.044775043457170034e-06,1.537879756040878623e-06,nan,1.567276662607918938e-07,2.320960178352898129e-06,nan,nan,nan,nan,nan,nan,nan,nan,nan
2.216056941003538242e-07,2.747826510969140266e-07,3.108698694225285999e-07,2.596764168749025834e-07,2.880398067493290350e-07,1.882301870816355288e-07,2.612581317751407029e-07,2.377561285978507991e-07,3.173408073082776649e-07,3.289027282645165142e-07,1.681156440071926601e-07,2.258776978996347972e-07,3.530058205553429510e-07,2.510883287402126993e-07,2.578180813687961754e-07,2.976488939353875128e-07,4.221011615536741808e-07,3.195343539361045144e-07,3.447622933364167948e-07,3.039646046222885855e-07,2.294808329370564176e-07,6.759557969321576632e-07,2.486787149862540562e-07,2.511948271084624645e-07,1.823771162790862054e-05,2.541409218913315830e-07,1.808027283250335679e-07,-1.690145275966471094e-07,1.663962467746601714e-07,2.564884445299115504e-07,0.000000000000000000e+00,1.930153841642258198e-07,1.450251450349170405e-07,0.000000000000000000e+00,2.898026016418174308e-07,0.000000000000000000e+00,2.044168555185096405e-09,3.284030864615626792e-07,4.317377770704483220e-07,2.022337689139396183e-07,8.251151469136033716e-08,2.064155193821638908e-07,3.073996971426076043e-07,3.065357247333982802e-07,4.226156641999116367e-07,nan,-1.398295408518060054e-07,3.353184130104546378e-07,nan,nan,nan,nan,nan,nan,nan,nan,nan
1.340844409540624483e-06,1.741966261921518394e-06,1.670692935971399452e-06,1.731237152034035188e-06,1.753041176587952525e-06,1.697670130550500400e-06,1.837828919532930667e-06,1.915699096995943283e-06,2.191455527197993353e-06,1.167168543831089402e-06,1.732151245124362832e-06,1.260843840338147477e-06,1.831484952070028875e-06,1.148058136240352626e-06,1.665670606315361470e-06,1.918549812247421491e-06,2.044271398377526254e-06,1.686932312954847961e-06,2.218607285144572308e-06,2.102102770271080453e-06,8.729694551624852676e-07,1.140787668478266881e-06,7.417991257544802387e-07,1.868733110678228635e-06,2.541409218913315830e-07,4.031757203251868593e-06,1.655146473674633008e-07,1.413177814003289416e-07,5.711253111409430436e-07,1.307890841231277821e-06,0.000000000000000000e+00,3.794369049701770397e-07,4.672631463051154490e-07,0.000000000000000000e+00,1.970959162660828575e-06,0.000000000000000000e+00,-4.865909683701931878e-09,1.988262819011146953e-06,1.511791719696154147e-06,2.294538451123114171e-06,5.161442606227795546e-07,2.111767346573514756e-06,1.930930419612082026e-06,2.238381923211428950e-06,1.617909511757039600e-06,nan,1.566586084463572010e-07,2.570159749140801410e-06,nan,nan,nan,nan,nan,nan,nan,nan,nan
8.973310256320172216e-08,1.241828846421269659e-07,1.103287767121185349e-07,1.056699145031134683e-07,1.109338530887090744e-07,1.034561212839993730e-07,1.571761035879485250e-07,1.711500896790067296e-07,1.416798500494855381e-07,2.152717435597838430e-07,1.363296829666174178e-07,5.692577600750472290e-08,1.450479857675726952e-07,9.594837422562681320e-08,1.383639914973489222e-07,1.645746273403508083e-07,1.407844210966218858e-07,2.097573046789306375e-07,2.188297334689368608e-07,1.799005481560646746e-07,1.231287524694510611e-07,1.173155864809811444e-07,1.613468932713298566e-07,9.979128084257509882e-08,1.808027283250335679e-07,1.655146473674633008e-07,1.559962653041514186e-05,-1.148907653277178819e-07,1.738786171159851000e-07,2.444298788507157471e-07,0.000000000000000000e+00,3.409702475900995031e-08,1.282275574751254065e-07,0.000000000000000000e+00,1.961335854999143502e-07,0.000000000000000000e+00,8.678818472530784343e-11,1.538467189638193591e-07,2.442225864889630132e-07,1.527474540113054715e-07,1.452380559522263736e-07,2.272723597030546348e-07,1.338840355788840785e-07,1.132943743775990975e-07,1.064938844858711779e-07,nan,4.840875428904289528e-07,2.451292959573791675e-07,nan,nan,nan,nan,nan,nan,nan,nan,nan
9.389509022003220380e-08,7.435204771245346881e-08,1.540186897761591936e-07,1.100814595020297994e-07,5.277558454127286864e-08,8.852746926754279753e-08,9.368352910331264074e-08,7.977995896695336744e-08,1.207565834919092722e-07,4.928964968613598556e-08,5.979053244324341326e-08,7.754334604498920807e-08,1.138374529564010877e-07,1.434082608829217593e-07,1.289413206333622018e-07,1.830173120727176698e-07,1.640218091539999931e-07,1.782933654272052965e-07,2.080269464078806192e-07,5.670734435550264291e-08,1.582636739049953045e-07,3.852798578851572025e-08,1.231203169195294531e-07,1.588343925205614857e-07,-1.690145275966471094e-07,1.413177814003289416e-07,-1.148907653277178819e-07,5.598437537820637443e-06,1.370509965736894987e-07,2.977783439773109372e-07,0.000000000000000000e+00,1.180107207656097616e-07,1.073824168686033711e-07,0.000000000000000000e+00,1.281040280681048793e-07,0.000000000000000000e+00,1.063786886929568954e-09,1.849271910381308063e-07,1.014136124503209167e-07,4.057276831989648961e-07,1.960067846684347534e-07,1.076737863695954876e-07,1.346537341507082814e-07,8.271727748409652256e-09,8.203550588025337949e-08,nan,7.396049672493569677e-08,-6.619895004582362548e-09,nan,nan,nan,nan,nan,nan,nan,nan,nan
4.121656538840646171e-07,4.712029980037917498e-07,5.990143523229926939e-07,5.215734286528265817e-07,4.793569296532420290e-07,5.035102820925042075e-07,5.647276902602202078e-07,5.815065406359436210e-07,7.105693477768836933e-07,5.247213917385934794e-07,5.291193558442678665e-07,4.553071683003903508e-07,5.378808348565727658e-07,5.177155922046600519e-07,5.663764848322441996e-07,6.549918487893277135e-07,6.555983178978455575e-07,4.953031877517383145e-07,8.105807113474170563e-07,6.189019410008604430e-07,5.115234063108629819e-07,4.197103669852753898e-07,3.883241420280336829e-07,5.220250614126379241e-07,1.663962467746601714e-07,5.711253111409430436e-07,1.738786171159851000e-07,1.370509965736894987e-07,3.805695059882296849e-06,7.819783072342044689e-07,0.000000000000000000e+00,3.194988686988477545e-07,2.974224829973378083e-07,0.000000000000000000e+00,5.388509999778937756e-07,0.000000000000000000e+00,-1.100057124648864992e-08,5.864706891979615470e-07,3.794993100914730089e-07,8.158553675329534250e-07,3.451867912867170416e-07,5.812044458520719137e-07,5.808627815773256969e-07,5.457990825262852694e-07,4.435527317718943800e-07,nan,1.167059752600468191e-07,6.874459560346516145e-07,nan,nan,nan,nan,nan,nan,nan,nan,nan
8.776018658325824188e-07,1.066271167796054034e-06,1.188116027037161997e-06,1.124930079390036409e-06,1.229113118580525631e-06,1.120811119504280349e-06,1.262664877669027241e-06,1.265481438846191845e-06,1.515283305783123913e-06,1.040399488978472629e-06,1.292629227558282966e-06,9.250688640294105387e-07,1.196056770183737924e-06,1.042207828114815921e-06,1.260337808997226458e-06,1.416745264697460061e-06,1.400531907512520357e-06,1.246002779898598867e-06,1.694423946438222311e-06,1.350609396087384817e-06,8.460883262991463517e-07,8.984238076480112404e-07,6.891632091211486398e-07,1.233594237633230278e-06,2.564884445299115504e-07,1.307890841231277821e-06,2.444298788507157471e-07,2.977783439773109372e-07,7.819783072342044689e-07,4.168001213746509412e-06,0.000000000000000000e+00,4.599812053529080161e-07,4.717398874152737062e-07,0.000000000000000000e+00,1.260279116019634306e-06,0.000000000000000000e+00,4.657530267120866260e-09,1.381460800046092278e-06,1.021081136523947926e-06,1.442707037546167881e-06,5.999003172451057686e-07,1.478348399102867296e-06,1.270465176509837222e-06,1.318220069340331055e-06,1.065335239703226893e-06,nan,9.921773762796904564e-08,1.639683602691968921e-06,nan,nan,nan,nan,nan,nan,nan,nan,nan
0.000000000000000000e+00,0.000000000000000000e+00,0.000000000000000000e+00,0.000000000000000000e+00,0.000000000000000000e+00,0.000000000000000000e+00,0.000000000000000000e+00,0.000000000000000000e+00,0.000000000000000000e+00,0.000000000000000000e+00,0.000000000000000000e+00,0.000000000000000000e+00,0.000000000000000000e+00,0.000000000000000000e+00,0.000000000000000000e+00,0.000000000000000000e+00,0.000000000000000000e+00,0.000000000000000000e+00,0.000000000000000000e+00,0.000000000000000000e+00,0.000000000000000000e+00,0.000000000000000000e+00,0.000000000000000000e+00,0.000000000000000000e+00,0.000000000000000000e+00,0.000000000000000000e+00,0.000000000000000000e+00,0.000000000000000000e+00,0.000000000000000000e+00,0.000000000000000000e+00,0.000000000000000000e+00,0.000000000000000000e+00,0.000000000000000000e+00,0.000000000000000000e+00,0.000000000000000000e+00,0.000000000000000000e+00,0.000000000000000000e+00,0.000000000000000000e+00,0.000000000000000000e+00,0.000000000000000000e+00,0.000000000000000000e+00,0.000000000000000000e+00,0.000000000000000000e+00,0.000000000000000000e+00,0.000000000000000000e+00,nan,0.000000000000000000e+00,0.000000000000000000e+00,nan,nan,nan,nan,nan,nan,nan,nan,nan
2.985070473988513234e-07,3.086690472734999055e-07,3.747771051335888006e-07,3.457159578204936577e-07,3.424041609145364949e-07,3.269263831714115016e-07,3.536210538079944370e-07,3.319040709632251098e-07,4.164782602204893687e-07,3.686728068104945329e-07,3.579783532764043616e-07,2.949154053202631086e-07,3.433143987618446607e-07,3.684190378063590739e-07,3.901044432148753736e-07,4.083530624328161712e-07,3.977208511364427742e-07,3.862710921883499201e-07,4.997139357768204801e-07,3.528773750331410386e-07,3.047453281168646779e-07,3.595219226244094646e-07,2.833877725609984604e-07,3.678913634778160122e-07,1.930153841642258198e-07,3.794369049701770397e-07,3.409702475900995031e-08,1.180107207656097616e-07,3.194988686988477545e-07,4.599812053529080161e-07,0.000000000000000000e+00,1.391245352448560374e-06,2.439865092389873735e-07,0.000000000000000000e+00,3.840039041940877245e-07,0.000000000000000000e+00,-1.202255892149525089e-11,3.662460099170650116e-07,3.307955817882217375e-07,4.641074667800632511e-07,3.657147796421851048e-07,4.045746175751151963e-07,3.672679543428721298e-07,4.001103738662590373e-07,3.144921755378908106e-07,nan,1.190870789291388333e-07,4.818000572441965097e-07,nan,nan,nan,nan,nan,nan,nan,nan,nan
